/*--------------------------------*- C++ -*----------------------------------*\
  =========                 |
  \\      /  F ield         | OpenFOAM: The Open Source CFD Toolbox
   \\    /   O peration     | Website:  https://openfoam.org
    \\  /    A nd           | Version:  6
     \\/     M anipulation  |
\*---------------------------------------------------------------------------*/
FoamFile
{
    version     2.0;
    format      ascii;
    class       surfaceScalarField;
    location    "0";
    object      phitheta;
}
// * * * * * * * * * * * * * * * * * * * * * * * * * * * * * * * * * * * * * //

dimensions      [0 3 -1 0 0 0 0];

internalField   nonuniform List<scalar> 
499
(
-3.15015e-08
-3.15013e-08
-3.15011e-08
-3.15009e-08
-3.15008e-08
-3.15006e-08
-3.15005e-08
-3.15004e-08
-3.15004e-08
-3.15003e-08
-3.15002e-08
-3.15002e-08
-3.15002e-08
-3.15001e-08
-3.15001e-08
-3.15001e-08
-3.15001e-08
-3.15e-08
-3.15e-08
-3.15e-08
-3.15e-08
-3.15e-08
-3.15e-08
-3.15e-08
-3.15e-08
-3.15e-08
-3.15e-08
-3.15e-08
-3.15e-08
-3.15e-08
-3.15e-08
-3.15e-08
-3.15e-08
-3.15e-08
-3.15e-08
-3.15e-08
-3.15e-08
-3.15e-08
-3.15e-08
-3.15e-08
-3.15e-08
-3.15e-08
-3.15e-08
-3.15e-08
-3.15e-08
-3.15e-08
-3.15e-08
-3.15e-08
-3.15e-08
-3.15e-08
-3.15e-08
-3.15e-08
-3.15e-08
-3.15e-08
-3.15e-08
-3.15e-08
-3.15e-08
-3.15e-08
-3.15e-08
-3.15e-08
-3.15e-08
-3.15e-08
-3.15e-08
-3.15e-08
-3.15e-08
-3.15e-08
-3.15e-08
-3.15e-08
-3.15e-08
-3.15e-08
-3.15e-08
-3.15e-08
-3.15e-08
-3.15e-08
-3.15e-08
-3.15e-08
-3.15e-08
-3.15e-08
-3.15e-08
-3.15e-08
-3.15e-08
-3.15e-08
-3.15e-08
-3.15e-08
-3.15e-08
-3.15e-08
-3.15e-08
-3.15e-08
-3.15e-08
-3.15e-08
-3.15e-08
-3.15e-08
-3.15e-08
-3.15e-08
-3.15e-08
-3.15e-08
-3.15e-08
-3.15e-08
-3.15e-08
-3.15e-08
-3.15e-08
-3.15e-08
-3.15e-08
-3.15e-08
-3.15e-08
-3.15e-08
-3.15e-08
-3.15e-08
-3.15e-08
-3.15e-08
-3.15e-08
-3.15e-08
-3.15e-08
-3.15e-08
-3.15e-08
-3.15e-08
-3.15e-08
-3.15e-08
-3.15e-08
-3.15e-08
-3.15e-08
-3.15e-08
-3.15e-08
-3.15e-08
-3.15e-08
-3.15e-08
-3.15e-08
-3.15e-08
-3.15e-08
-3.15e-08
-3.15e-08
-3.15e-08
-3.15e-08
-3.15e-08
-3.15e-08
-3.15e-08
-3.15e-08
-3.15e-08
-3.15e-08
-3.15e-08
-3.15e-08
-3.15e-08
-3.15e-08
-3.15e-08
-3.15e-08
-3.15e-08
-3.15e-08
-3.15e-08
-3.15e-08
-3.15e-08
-3.15e-08
-3.15e-08
-3.15e-08
-3.15e-08
-3.15e-08
-3.15e-08
-3.15e-08
-3.15e-08
-3.15e-08
-3.15e-08
-3.15e-08
-3.15e-08
-3.15e-08
-3.15e-08
-3.15e-08
-3.15e-08
-3.15e-08
-3.15e-08
-3.15e-08
-3.15e-08
-3.15e-08
-3.15e-08
-3.15e-08
-3.15e-08
-3.15e-08
-3.15e-08
-3.15e-08
-3.15e-08
-3.15e-08
-3.15e-08
-3.15e-08
-3.15e-08
-3.15e-08
-3.15e-08
-3.15e-08
-3.15e-08
-3.15e-08
-3.15e-08
-3.15e-08
-3.15e-08
-3.15e-08
-3.15e-08
-3.15e-08
-3.15e-08
-3.15e-08
-3.15e-08
-3.15e-08
-3.15e-08
-3.15e-08
-3.15e-08
-3.15e-08
-3.15e-08
-3.15e-08
-3.15e-08
-3.15e-08
-3.15e-08
-3.15e-08
-3.15e-08
-3.15e-08
-3.15e-08
-3.15e-08
-3.15e-08
-3.15e-08
-3.15e-08
-3.15e-08
-3.15e-08
-3.15e-08
-3.15e-08
-3.15e-08
-3.15e-08
-3.15e-08
-3.15e-08
-3.15e-08
-3.15e-08
-3.15e-08
-3.15e-08
-3.15e-08
-3.15e-08
-3.15e-08
-3.15e-08
-3.15e-08
-3.15e-08
-3.15e-08
-3.15e-08
-3.15e-08
-3.15e-08
-3.15e-08
-3.15e-08
-3.15e-08
-3.15e-08
-3.15e-08
-3.15e-08
-3.15e-08
-3.15e-08
-3.15e-08
-3.15e-08
-3.15e-08
-3.15e-08
-3.15e-08
-3.15e-08
-3.15e-08
-3.15e-08
-3.15e-08
-3.15e-08
-3.15e-08
-3.15e-08
-3.15e-08
-3.15e-08
-3.15e-08
-3.15e-08
-3.15e-08
-3.15e-08
-3.15e-08
-3.15e-08
-3.15e-08
-3.15e-08
-3.15e-08
-3.15e-08
-3.15e-08
-3.15e-08
-3.15e-08
-3.15e-08
-3.15e-08
-3.15e-08
-3.15e-08
-3.15e-08
-3.15e-08
-3.15e-08
-3.15e-08
-3.15e-08
-3.15e-08
-3.15e-08
-3.15e-08
-3.15e-08
-3.15e-08
-3.15e-08
-3.15e-08
-3.15e-08
-3.15e-08
-3.15e-08
-3.15e-08
-3.15e-08
-3.15e-08
-3.15e-08
-3.15e-08
-3.15e-08
-3.15e-08
-3.15e-08
-3.15e-08
-3.15e-08
-3.15e-08
-3.15e-08
-3.15e-08
-3.15e-08
-3.15e-08
-3.15e-08
-3.15e-08
-3.15e-08
-3.15e-08
-3.15e-08
-3.15e-08
-3.15e-08
-3.15e-08
-3.15e-08
-3.15e-08
-3.15e-08
-3.15e-08
-3.15e-08
-3.15e-08
-3.15e-08
-3.15e-08
-3.15e-08
-3.15e-08
-3.15e-08
-3.15e-08
-3.15e-08
-3.15e-08
-3.15e-08
-3.15e-08
-3.15e-08
-3.15e-08
-3.15e-08
-3.15e-08
-3.15e-08
-3.15e-08
-3.15e-08
-3.15e-08
-3.15e-08
-3.15e-08
-3.15e-08
-3.15e-08
-3.15e-08
-3.15e-08
-3.15e-08
-3.15e-08
-3.15e-08
-3.15e-08
-3.15e-08
-3.15e-08
-3.15e-08
-3.15e-08
-3.15e-08
-3.15e-08
-3.15e-08
-3.15e-08
-3.15e-08
-3.15e-08
-3.15e-08
-3.15e-08
-3.15e-08
-3.15e-08
-3.15e-08
-3.15e-08
-3.15e-08
-3.15e-08
-3.15e-08
-3.15e-08
-3.15e-08
-3.15e-08
-3.15e-08
-3.15e-08
-3.15e-08
-3.15e-08
-3.15e-08
-3.15e-08
-3.15e-08
-3.15e-08
-3.15e-08
-3.15e-08
-3.15e-08
-3.15e-08
-3.15e-08
-3.15e-08
-3.15e-08
-3.15e-08
-3.15e-08
-3.15e-08
-3.15e-08
-3.15e-08
-3.15e-08
-3.15e-08
-3.15e-08
-3.15e-08
-3.15e-08
-3.15e-08
-3.15e-08
-3.15e-08
-3.15e-08
-3.15e-08
-3.15e-08
-3.15e-08
-3.15e-08
-3.15e-08
-3.15e-08
-3.15e-08
-3.15e-08
-3.15e-08
-3.15e-08
-3.15e-08
-3.15e-08
-3.15e-08
-3.15e-08
-3.15e-08
-3.15e-08
-3.15e-08
-3.15e-08
-3.15e-08
-3.15e-08
-3.15e-08
-3.15e-08
-3.15e-08
-3.15e-08
-3.15e-08
-3.15e-08
-3.15e-08
-3.15e-08
-3.15e-08
-3.15e-08
-3.15e-08
-3.15e-08
-3.15e-08
-3.15e-08
-3.15e-08
-3.15e-08
-3.15e-08
-3.15e-08
-3.15e-08
-3.15e-08
-3.15e-08
-3.15e-08
-3.15e-08
-3.15e-08
-3.15e-08
-3.15e-08
-3.15e-08
-3.15e-08
-3.15e-08
-3.15e-08
-3.15e-08
-3.15e-08
-3.15e-08
-3.15e-08
-3.15e-08
-3.15e-08
-3.15e-08
-3.15e-08
-3.15e-08
-3.15e-08
-3.15e-08
-3.15e-08
-3.15e-08
-3.15e-08
-3.15e-08
-3.15e-08
-3.15e-08
-3.15e-08
-3.15e-08
-3.15e-08
-3.15e-08
-3.15e-08
-3.15e-08
-3.15e-08
-3.15e-08
-3.15e-08
-3.15e-08
-3.15e-08
-3.15e-08
-3.15e-08
-3.15e-08
-3.15e-08
-3.15e-08
-3.15e-08
-3.15e-08
-3.15e-08
-3.15e-08
-3.15e-08
-3.15e-08
-3.15e-08
-3.15e-08
-3.15e-08
-3.15e-08
-3.15e-08
-3.15e-08
-3.15e-08
-3.15e-08
-3.15e-08
-3.15e-08
-3.15e-08
-3.15e-08
)
;

boundaryField
{
    top
    {
        type            calculated;
        value           uniform -3.15e-08;
    }
    bottom
    {
        type            calculated;
        value           uniform 3.15019e-08;
    }
    frontAndBack
    {
        type            empty;
        value           nonuniform 0();
    }
}


// ************************************************************************* //
