/*--------------------------------*- C++ -*----------------------------------*\
  =========                 |
  \\      /  F ield         | OpenFOAM: The Open Source CFD Toolbox
   \\    /   O peration     | Website:  https://openfoam.org
    \\  /    A nd           | Version:  6
     \\/     M anipulation  |
\*---------------------------------------------------------------------------*/
FoamFile
{
    version     2.0;
    format      ascii;
    class       faceList;
    location    "constant/polyMesh";
    object      faces;
}
// * * * * * * * * * * * * * * * * * * * * * * * * * * * * * * * * * * * * * //


51
(
4(1 12 34 23)
4(2 13 35 24)
4(3 14 36 25)
4(4 15 37 26)
4(5 16 38 27)
4(6 17 39 28)
4(7 18 40 29)
4(8 19 41 30)
4(9 20 42 31)
4(0 22 33 11)
4(10 21 43 32)
4(11 33 34 12)
4(12 34 35 13)
4(13 35 36 14)
4(14 36 37 15)
4(15 37 38 16)
4(16 38 39 17)
4(17 39 40 18)
4(18 40 41 19)
4(19 41 42 20)
4(20 42 43 21)
4(0 11 12 1)
4(1 12 13 2)
4(2 13 14 3)
4(3 14 15 4)
4(4 15 16 5)
4(5 16 17 6)
4(6 17 18 7)
4(7 18 19 8)
4(8 19 20 9)
4(9 20 21 10)
4(0 1 23 22)
4(1 2 24 23)
4(2 3 25 24)
4(3 4 26 25)
4(4 5 27 26)
4(5 6 28 27)
4(6 7 29 28)
4(7 8 30 29)
4(8 9 31 30)
4(9 10 32 31)
4(22 23 34 33)
4(23 24 35 34)
4(24 25 36 35)
4(25 26 37 36)
4(26 27 38 37)
4(27 28 39 38)
4(28 29 40 39)
4(29 30 41 40)
4(30 31 42 41)
4(31 32 43 42)
)


// ************************************************************************* //
