    0.0005    0.0200
    0.0015    0.0200
    0.0025    0.0200
    0.0035    0.0200
    0.0045    0.0200
    0.0055    0.0200
    0.0065    0.0203
    0.0075    0.0213
    0.0085    0.0223
    0.0095    0.0224
    0.0105    0.0325
    0.0115    0.0778
    0.0125    0.1227
    0.0135    0.1341
    0.0145    0.1437
    0.0155    0.1574
    0.0165    0.1732
    0.0175    0.1898
    0.0185    0.2062
    0.0195    0.2221
    0.0205    0.2373
    0.0215    0.2517
    0.0225    0.2653
    0.0235    0.2782
    0.0245    0.2905
    0.0255    0.3021
    0.0265    0.3132
    0.0275    0.3238
    0.0285    0.3341
    0.0295    0.3439
    0.0305    0.3533
    0.0315    0.3625
    0.0325    0.3713
    0.0335    0.3799
    0.0345    0.3883
    0.0355    0.3964
    0.0365    0.4043
    0.0375    0.4120
    0.0385    0.4195
    0.0395    0.4268
    0.0405    0.4340
    0.0415    0.4410
    0.0425    0.4478
    0.0435    0.4545
    0.0445    0.4611
    0.0455    0.4675
    0.0465    0.4738
    0.0475    0.4800
    0.0485    0.4861
    0.0495    0.4920
    0.0505    0.4979
    0.0515    0.5036
    0.0525    0.5092
    0.0535    0.5148
    0.0545    0.5202
    0.0555    0.5255
    0.0565    0.5308
    0.0575    0.5359
    0.0585    0.5410
    0.0595    0.5459
    0.0605    0.5508
    0.0615    0.5556
    0.0625    0.5604
    0.0635    0.5650
    0.0645    0.5696
    0.0655    0.5741
    0.0665    0.5785
    0.0675    0.5829
    0.0685    0.5872
    0.0695    0.5914
    0.0705    0.5955
    0.0715    0.5996
    0.0725    0.6037
    0.0735    0.6076
    0.0745    0.6115
    0.0755    0.6154
    0.0765    0.6192
    0.0775    0.6229
    0.0785    0.6266
    0.0795    0.6302
    0.0805    0.6338
    0.0815    0.6373
    0.0825    0.6407
    0.0835    0.6441
    0.0845    0.6475
    0.0855    0.6508
    0.0865    0.6541
    0.0875    0.6573
    0.0885    0.6605
    0.0895    0.6636
    0.0905    0.6667
    0.0915    0.6697
    0.0925    0.6727
    0.0935    0.6757
    0.0945    0.6786
    0.0955    0.6815
    0.0965    0.6843
    0.0975    0.6871
    0.0985    0.6899
    0.0995    0.6926
    0.1005    0.6953
    0.1015    0.6979
    0.1025    0.7006
    0.1035    0.7031
    0.1045    0.7057
    0.1055    0.7082
    0.1065    0.7107
    0.1075    0.7131
    0.1085    0.7155
    0.1095    0.7179
    0.1105    0.7203
    0.1115    0.7226
    0.1125    0.7249
    0.1135    0.7272
    0.1145    0.7294
    0.1155    0.7316
    0.1165    0.7338
    0.1175    0.7359
    0.1185    0.7381
    0.1195    0.7402
    0.1205    0.7422
    0.1215    0.7443
    0.1225    0.7463
    0.1235    0.7483
    0.1245    0.7503
    0.1255    0.7522
    0.1265    0.7541
    0.1275    0.7560
    0.1285    0.7579
    0.1295    0.7598
    0.1305    0.7616
    0.1315    0.7634
    0.1325    0.7652
    0.1335    0.7670
    0.1345    0.7687
    0.1355    0.7705
    0.1365    0.7722
    0.1375    0.7739
    0.1385    0.7755
    0.1395    0.7772
    0.1405    0.7788
    0.1415    0.7804
    0.1425    0.7820
    0.1435    0.7836
    0.1445    0.7851
    0.1455    0.7867
    0.1465    0.7882
    0.1475    0.7897
    0.1485    0.7912
    0.1495    0.7927
    0.1505    0.7941
    0.1515    0.7956
    0.1525    0.7970
    0.1535    0.7984
    0.1545    0.7998
    0.1555    0.8012
    0.1565    0.8025
    0.1575    0.8039
    0.1585    0.8052
    0.1595    0.8065
    0.1605    0.8078
    0.1615    0.8091
    0.1625    0.8104
    0.1635    0.8117
    0.1645    0.8129
    0.1655    0.8142
    0.1665    0.8154
    0.1675    0.8166
    0.1685    0.8178
    0.1695    0.8190
    0.1705    0.8202
    0.1715    0.8213
    0.1725    0.8225
    0.1735    0.8236
    0.1745    0.8248
    0.1755    0.8259
    0.1765    0.8270
    0.1775    0.8281
    0.1785    0.8292
    0.1795    0.8303
    0.1805    0.8313
    0.1815    0.8324
    0.1825    0.8334
    0.1835    0.8344
    0.1845    0.8355
    0.1855    0.8365
    0.1865    0.8375
    0.1875    0.8385
    0.1885    0.8395
    0.1895    0.8404
    0.1905    0.8414
    0.1915    0.8424
    0.1925    0.8433
    0.1935    0.8443
    0.1945    0.8452
    0.1955    0.8461
    0.1965    0.8470
    0.1975    0.8479
    0.1985    0.8488
    0.1995    0.8497
    0.2005    0.8506
    0.2015    0.8515
    0.2025    0.8523
    0.2035    0.8532
    0.2045    0.8540
    0.2055    0.8549
    0.2065    0.8557
    0.2075    0.8565
    0.2085    0.8574
    0.2095    0.8582
    0.2105    0.8590
    0.2115    0.8598
    0.2125    0.8606
    0.2135    0.8613
    0.2145    0.8621
    0.2155    0.8629
    0.2165    0.8637
    0.2175    0.8644
    0.2185    0.8652
    0.2195    0.8659
    0.2205    0.8666
    0.2215    0.8674
    0.2225    0.8681
    0.2235    0.8688
    0.2245    0.8695
    0.2255    0.8703
    0.2265    0.8710
    0.2275    0.8717
    0.2285    0.8723
    0.2295    0.8730
    0.2305    0.8737
    0.2315    0.8744
    0.2325    0.8751
    0.2335    0.8757
    0.2345    0.8764
    0.2355    0.8770
    0.2365    0.8777
    0.2375    0.8783
    0.2385    0.8790
    0.2395    0.8796
    0.2405    0.8802
    0.2415    0.8808
    0.2425    0.8815
    0.2435    0.8821
    0.2445    0.8827
    0.2455    0.8833
    0.2465    0.8839
    0.2475    0.8845
    0.2485    0.8851
    0.2495    0.8857
    0.2505    0.8862
    0.2515    0.8868
    0.2525    0.8874
    0.2535    0.8880
    0.2545    0.8885
    0.2555    0.8891
    0.2565    0.8897
    0.2575    0.8902
    0.2585    0.8908
    0.2595    0.8913
    0.2605    0.8918
    0.2615    0.8924
    0.2625    0.8929
    0.2635    0.8934
    0.2645    0.8940
    0.2655    0.8945
    0.2665    0.8950
    0.2675    0.8955
    0.2685    0.8960
    0.2695    0.8965
    0.2705    0.8970
    0.2715    0.8975
    0.2725    0.8980
    0.2735    0.8985
    0.2745    0.8990
    0.2755    0.8995
    0.2765    0.9000
    0.2775    0.9005
    0.2785    0.9010
    0.2795    0.9014
    0.2805    0.9019
    0.2815    0.9024
    0.2825    0.9028
    0.2835    0.9033
    0.2845    0.9038
    0.2855    0.9042
    0.2865    0.9047
    0.2875    0.9051
    0.2885    0.9056
    0.2895    0.9060
    0.2905    0.9064
    0.2915    0.9069
    0.2925    0.9073
    0.2935    0.9077
    0.2945    0.9082
    0.2955    0.9086
    0.2965    0.9090
    0.2975    0.9095
    0.2985    0.9099
    0.2995    0.9103
    0.3005    0.9107
    0.3015    0.9111
    0.3025    0.9115
    0.3035    0.9119
    0.3045    0.9123
    0.3055    0.9127
    0.3065    0.9131
    0.3075    0.9135
    0.3085    0.9139
    0.3095    0.9143
    0.3105    0.9147
    0.3115    0.9151
    0.3125    0.9155
    0.3135    0.9159
    0.3145    0.9162
    0.3155    0.9166
    0.3165    0.9170
    0.3175    0.9174
    0.3185    0.9177
    0.3195    0.9181
    0.3205    0.9185
    0.3215    0.9188
    0.3225    0.9192
    0.3235    0.9196
    0.3245    0.9199
    0.3255    0.9203
    0.3265    0.9206
    0.3275    0.9210
    0.3285    0.9213
    0.3295    0.9217
    0.3305    0.9220
    0.3315    0.9224
    0.3325    0.9227
    0.3335    0.9231
    0.3345    0.9234
    0.3355    0.9237
    0.3365    0.9241
    0.3375    0.9244
    0.3385    0.9247
    0.3395    0.9251
    0.3405    0.9254
    0.3415    0.9257
    0.3425    0.9261
    0.3435    0.9264
    0.3445    0.9267
    0.3455    0.9270
    0.3465    0.9273
    0.3475    0.9277
    0.3485    0.9280
    0.3495    0.9283
    0.3505    0.9286
    0.3515    0.9289
    0.3525    0.9292
    0.3535    0.9295
    0.3545    0.9298
    0.3555    0.9301
    0.3565    0.9304
    0.3575    0.9307
    0.3585    0.9310
    0.3595    0.9313
    0.3605    0.9316
    0.3615    0.9319
    0.3625    0.9322
    0.3635    0.9325
    0.3645    0.9328
    0.3655    0.9331
    0.3665    0.9334
    0.3675    0.9336
    0.3685    0.9339
    0.3695    0.9342
    0.3705    0.9345
    0.3715    0.9348
    0.3725    0.9351
    0.3735    0.9353
    0.3745    0.9356
    0.3755    0.9359
    0.3765    0.9362
    0.3775    0.9364
    0.3785    0.9367
    0.3795    0.9370
    0.3805    0.9372
    0.3815    0.9375
    0.3825    0.9378
    0.3835    0.9380
    0.3845    0.9383
    0.3855    0.9386
    0.3865    0.9388
    0.3875    0.9391
    0.3885    0.9393
    0.3895    0.9396
    0.3905    0.9398
    0.3915    0.9401
    0.3925    0.9404
    0.3935    0.9406
    0.3945    0.9409
    0.3955    0.9411
    0.3965    0.9414
    0.3975    0.9416
    0.3985    0.9419
    0.3995    0.9421
