    0.0005    0.0200
    0.0015    0.0200
    0.0025    0.0200
    0.0035    0.0200
    0.0045    0.0200
    0.0055    0.0200
    0.0065    0.0200
    0.0075    0.0200
    0.0085    0.0200
    0.0095    0.0200
    0.0105    0.0200
    0.0115    0.0200
    0.0125    0.0200
    0.0135    0.0200
    0.0145    0.0200
    0.0155    0.0200
    0.0165    0.0200
    0.0175    0.0200
    0.0185    0.0200
    0.0195    0.0200
    0.0205    0.0200
    0.0215    0.0200
    0.0225    0.0200
    0.0235    0.0199
    0.0245    0.0199
    0.0255    0.0199
    0.0265    0.0199
    0.0275    0.0199
    0.0285    0.0199
    0.0295    0.0199
    0.0305    0.0199
    0.0315    0.0199
    0.0325    0.0199
    0.0335    0.0199
    0.0345    0.0199
    0.0355    0.0199
    0.0365    0.0199
    0.0375    0.0199
    0.0385    0.0199
    0.0395    0.0199
    0.0405    0.0199
    0.0415    0.0199
    0.0425    0.0199
    0.0435    0.0199
    0.0445    0.0199
    0.0455    0.0199
    0.0465    0.0199
    0.0475    0.0199
    0.0485    0.0199
    0.0495    0.0199
    0.0505    0.0199
    0.0515    0.0199
    0.0525    0.0199
    0.0535    0.0199
    0.0545    0.0199
    0.0555    0.0199
    0.0565    0.0199
    0.0575    0.0199
    0.0585    0.0199
    0.0595    0.0199
    0.0605    0.0199
    0.0615    0.0199
    0.0625    0.0199
    0.0635    0.0199
    0.0645    0.0199
    0.0655    0.0199
    0.0665    0.0199
    0.0675    0.0199
    0.0685    0.0199
    0.0695    0.0199
    0.0705    0.0199
    0.0715    0.0199
    0.0725    0.0199
    0.0735    0.0199
    0.0745    0.0198
    0.0755    0.0198
    0.0765    0.0198
    0.0775    0.0198
    0.0785    0.0198
    0.0795    0.0198
    0.0805    0.0198
    0.0815    0.0198
    0.0825    0.0198
    0.0835    0.0198
    0.0845    0.0198
    0.0855    0.0198
    0.0865    0.0198
    0.0875    0.0198
    0.0885    0.0198
    0.0895    0.0198
    0.0905    0.0198
    0.0915    0.0198
    0.0925    0.0198
    0.0935    0.0198
    0.0945    0.0198
    0.0955    0.0198
    0.0965    0.0198
    0.0975    0.0198
    0.0985    0.0198
    0.0995    0.0198
    0.1005    0.0198
    0.1015    0.0198
    0.1025    0.0198
    0.1035    0.0198
    0.1045    0.0198
    0.1055    0.0198
    0.1065    0.0198
    0.1075    0.0198
    0.1085    0.0198
    0.1095    0.0198
    0.1105    0.0198
    0.1115    0.0198
    0.1125    0.0205
    0.1135    0.0288
    0.1145    0.0558
    0.1155    0.0734
    0.1165    0.0707
    0.1175    0.0677
    0.1185    0.0701
    0.1195    0.0842
    0.1205    0.1116
    0.1215    0.1413
    0.1225    0.1647
    0.1235    0.1855
    0.1245    0.2055
    0.1255    0.2243
    0.1265    0.2418
    0.1275    0.2579
    0.1285    0.2729
    0.1295    0.2868
    0.1305    0.2999
    0.1315    0.3123
    0.1325    0.3241
    0.1335    0.3353
    0.1345    0.3461
    0.1355    0.3565
    0.1365    0.3665
    0.1375    0.3762
    0.1385    0.3855
    0.1395    0.3946
    0.1405    0.4034
    0.1415    0.4119
    0.1425    0.4203
    0.1435    0.4284
    0.1445    0.4363
    0.1455    0.4439
    0.1465    0.4514
    0.1475    0.4587
    0.1485    0.4659
    0.1495    0.4729
    0.1505    0.4797
    0.1515    0.4863
    0.1525    0.4929
    0.1535    0.4992
    0.1545    0.5055
    0.1555    0.5116
    0.1565    0.5176
    0.1575    0.5234
    0.1585    0.5292
    0.1595    0.5348
    0.1605    0.5404
    0.1615    0.5458
    0.1625    0.5511
    0.1635    0.5563
    0.1645    0.5615
    0.1655    0.5665
    0.1665    0.5715
    0.1675    0.5763
    0.1685    0.5811
    0.1695    0.5858
    0.1705    0.5904
    0.1715    0.5949
    0.1725    0.5994
    0.1735    0.6037
    0.1745    0.6081
    0.1755    0.6123
    0.1765    0.6165
    0.1775    0.6206
    0.1785    0.6246
    0.1795    0.6286
    0.1805    0.6325
    0.1815    0.6363
    0.1825    0.6401
    0.1835    0.6438
    0.1845    0.6475
    0.1855    0.6511
    0.1865    0.6547
    0.1875    0.6582
    0.1885    0.6617
    0.1895    0.6651
    0.1905    0.6684
    0.1915    0.6717
    0.1925    0.6750
    0.1935    0.6782
    0.1945    0.6813
    0.1955    0.6845
    0.1965    0.6875
    0.1975    0.6906
    0.1985    0.6936
    0.1995    0.6965
    0.2005    0.6994
    0.2015    0.7023
    0.2025    0.7051
    0.2035    0.7079
    0.2045    0.7106
    0.2055    0.7134
    0.2065    0.7160
    0.2075    0.7187
    0.2085    0.7213
    0.2095    0.7238
    0.2105    0.7264
    0.2115    0.7289
    0.2125    0.7314
    0.2135    0.7338
    0.2145    0.7362
    0.2155    0.7386
    0.2165    0.7409
    0.2175    0.7432
    0.2185    0.7455
    0.2195    0.7478
    0.2205    0.7500
    0.2215    0.7522
    0.2225    0.7544
    0.2235    0.7565
    0.2245    0.7586
    0.2255    0.7607
    0.2265    0.7628
    0.2275    0.7649
    0.2285    0.7669
    0.2295    0.7689
    0.2305    0.7708
    0.2315    0.7728
    0.2325    0.7747
    0.2335    0.7766
    0.2345    0.7785
    0.2355    0.7803
    0.2365    0.7822
    0.2375    0.7840
    0.2385    0.7858
    0.2395    0.7875
    0.2405    0.7893
    0.2415    0.7910
    0.2425    0.7927
    0.2435    0.7944
    0.2445    0.7961
    0.2455    0.7978
    0.2465    0.7994
    0.2475    0.8010
    0.2485    0.8026
    0.2495    0.8042
    0.2505    0.8058
    0.2515    0.8073
    0.2525    0.8088
    0.2535    0.8103
    0.2545    0.8118
    0.2555    0.8133
    0.2565    0.8148
    0.2575    0.8162
    0.2585    0.8177
    0.2595    0.8191
    0.2605    0.8205
    0.2615    0.8219
    0.2625    0.8233
    0.2635    0.8246
    0.2645    0.8260
    0.2655    0.8273
    0.2665    0.8286
    0.2675    0.8299
    0.2685    0.8312
    0.2695    0.8325
    0.2705    0.8337
    0.2715    0.8350
    0.2725    0.8362
    0.2735    0.8375
    0.2745    0.8387
    0.2755    0.8399
    0.2765    0.8411
    0.2775    0.8423
    0.2785    0.8434
    0.2795    0.8446
    0.2805    0.8457
    0.2815    0.8469
    0.2825    0.8480
    0.2835    0.8491
    0.2845    0.8502
    0.2855    0.8513
    0.2865    0.8524
    0.2875    0.8534
    0.2885    0.8545
    0.2895    0.8556
    0.2905    0.8566
    0.2915    0.8576
    0.2925    0.8587
    0.2935    0.8597
    0.2945    0.8607
    0.2955    0.8617
    0.2965    0.8627
    0.2975    0.8636
    0.2985    0.8646
    0.2995    0.8656
    0.3005    0.8665
    0.3015    0.8674
    0.3025    0.8684
    0.3035    0.8693
    0.3045    0.8702
    0.3055    0.8711
    0.3065    0.8720
    0.3075    0.8729
    0.3085    0.8738
    0.3095    0.8747
    0.3105    0.8756
    0.3115    0.8764
    0.3125    0.8773
    0.3135    0.8781
    0.3145    0.8790
    0.3155    0.8798
    0.3165    0.8806
    0.3175    0.8814
    0.3185    0.8823
    0.3195    0.8831
    0.3205    0.8839
    0.3215    0.8847
    0.3225    0.8854
    0.3235    0.8862
    0.3245    0.8870
    0.3255    0.8878
    0.3265    0.8885
    0.3275    0.8893
    0.3285    0.8900
    0.3295    0.8908
    0.3305    0.8915
    0.3315    0.8922
    0.3325    0.8930
    0.3335    0.8937
    0.3345    0.8944
    0.3355    0.8951
    0.3365    0.8958
    0.3375    0.8965
    0.3385    0.8972
    0.3395    0.8979
    0.3405    0.8986
    0.3415    0.8992
    0.3425    0.8999
    0.3435    0.9006
    0.3445    0.9012
    0.3455    0.9019
    0.3465    0.9025
    0.3475    0.9032
    0.3485    0.9038
    0.3495    0.9044
    0.3505    0.9051
    0.3515    0.9057
    0.3525    0.9063
    0.3535    0.9069
    0.3545    0.9075
    0.3555    0.9082
    0.3565    0.9088
    0.3575    0.9094
    0.3585    0.9100
    0.3595    0.9105
    0.3605    0.9111
    0.3615    0.9117
    0.3625    0.9123
    0.3635    0.9129
    0.3645    0.9134
    0.3655    0.9140
    0.3665    0.9146
    0.3675    0.9151
    0.3685    0.9157
    0.3695    0.9162
    0.3705    0.9168
    0.3715    0.9173
    0.3725    0.9178
    0.3735    0.9184
    0.3745    0.9189
    0.3755    0.9194
    0.3765    0.9199
    0.3775    0.9205
    0.3785    0.9210
    0.3795    0.9215
    0.3805    0.9220
    0.3815    0.9225
    0.3825    0.9230
    0.3835    0.9235
    0.3845    0.9240
    0.3855    0.9245
    0.3865    0.9250
    0.3875    0.9255
    0.3885    0.9260
    0.3895    0.9264
    0.3905    0.9269
    0.3915    0.9274
    0.3925    0.9279
    0.3935    0.9283
    0.3945    0.9288
    0.3955    0.9292
    0.3965    0.9297
    0.3975    0.9302
    0.3985    0.9306
    0.3995    0.9311
