    0.0005    0.0200
    0.0015    0.0200
    0.0025    0.0200
    0.0035    0.0200
    0.0045    0.0200
    0.0055    0.0200
    0.0065    0.0200
    0.0075    0.0200
    0.0085    0.0200
    0.0095    0.0200
    0.0105    0.0200
    0.0115    0.0200
    0.0125    0.0200
    0.0135    0.0200
    0.0145    0.0200
    0.0155    0.0200
    0.0165    0.0200
    0.0175    0.0200
    0.0185    0.0200
    0.0195    0.0200
    0.0205    0.0200
    0.0215    0.0200
    0.0225    0.0200
    0.0235    0.0199
    0.0245    0.0199
    0.0255    0.0199
    0.0265    0.0199
    0.0275    0.0199
    0.0285    0.0199
    0.0295    0.0199
    0.0305    0.0199
    0.0315    0.0199
    0.0325    0.0199
    0.0335    0.0199
    0.0345    0.0199
    0.0355    0.0199
    0.0365    0.0199
    0.0375    0.0199
    0.0385    0.0199
    0.0395    0.0199
    0.0405    0.0199
    0.0415    0.0199
    0.0425    0.0199
    0.0435    0.0199
    0.0445    0.0199
    0.0455    0.0199
    0.0465    0.0199
    0.0475    0.0199
    0.0485    0.0199
    0.0495    0.0199
    0.0505    0.0199
    0.0515    0.0199
    0.0525    0.0199
    0.0535    0.0199
    0.0545    0.0199
    0.0555    0.0199
    0.0565    0.0199
    0.0575    0.0199
    0.0585    0.0199
    0.0595    0.0199
    0.0605    0.0199
    0.0615    0.0199
    0.0625    0.0199
    0.0635    0.0199
    0.0645    0.0199
    0.0655    0.0199
    0.0665    0.0199
    0.0675    0.0199
    0.0685    0.0199
    0.0695    0.0199
    0.0705    0.0199
    0.0715    0.0199
    0.0725    0.0199
    0.0735    0.0199
    0.0745    0.0198
    0.0755    0.0198
    0.0765    0.0198
    0.0775    0.0198
    0.0785    0.0198
    0.0795    0.0198
    0.0805    0.0198
    0.0815    0.0198
    0.0825    0.0198
    0.0835    0.0198
    0.0845    0.0198
    0.0855    0.0198
    0.0865    0.0198
    0.0875    0.0198
    0.0885    0.0198
    0.0895    0.0198
    0.0905    0.0198
    0.0915    0.0198
    0.0925    0.0198
    0.0935    0.0198
    0.0945    0.0198
    0.0955    0.0198
    0.0965    0.0198
    0.0975    0.0198
    0.0985    0.0198
    0.0995    0.0198
    0.1005    0.0198
    0.1015    0.0198
    0.1025    0.0198
    0.1035    0.0198
    0.1045    0.0198
    0.1055    0.0198
    0.1065    0.0198
    0.1075    0.0198
    0.1085    0.0198
    0.1095    0.0198
    0.1105    0.0198
    0.1115    0.0198
    0.1125    0.0198
    0.1135    0.0198
    0.1145    0.0198
    0.1155    0.0198
    0.1165    0.0198
    0.1175    0.0198
    0.1185    0.0198
    0.1195    0.0198
    0.1205    0.0198
    0.1215    0.0198
    0.1225    0.0198
    0.1235    0.0198
    0.1245    0.0198
    0.1255    0.0197
    0.1265    0.0197
    0.1275    0.0197
    0.1285    0.0197
    0.1295    0.0197
    0.1305    0.0197
    0.1315    0.0197
    0.1325    0.0197
    0.1335    0.0197
    0.1345    0.0197
    0.1355    0.0197
    0.1365    0.0197
    0.1375    0.0197
    0.1385    0.0197
    0.1395    0.0197
    0.1405    0.0197
    0.1415    0.0197
    0.1425    0.0197
    0.1435    0.0197
    0.1445    0.0197
    0.1455    0.0197
    0.1465    0.0197
    0.1475    0.0197
    0.1485    0.0197
    0.1495    0.0197
    0.1505    0.0197
    0.1515    0.0197
    0.1525    0.0197
    0.1535    0.0197
    0.1545    0.0197
    0.1555    0.0197
    0.1565    0.0197
    0.1575    0.0197
    0.1585    0.0197
    0.1595    0.0197
    0.1605    0.0197
    0.1615    0.0197
    0.1625    0.0197
    0.1635    0.0197
    0.1645    0.0197
    0.1655    0.0197
    0.1665    0.0197
    0.1675    0.0197
    0.1685    0.0197
    0.1695    0.0197
    0.1705    0.0197
    0.1715    0.0197
    0.1725    0.0197
    0.1735    0.0197
    0.1745    0.0197
    0.1755    0.0197
    0.1765    0.0196
    0.1775    0.0196
    0.1785    0.0196
    0.1795    0.0196
    0.1805    0.0196
    0.1815    0.0196
    0.1825    0.0196
    0.1835    0.0196
    0.1845    0.0196
    0.1855    0.0196
    0.1865    0.0196
    0.1875    0.0196
    0.1885    0.0196
    0.1895    0.0196
    0.1905    0.0196
    0.1915    0.0196
    0.1925    0.0196
    0.1935    0.0196
    0.1945    0.0196
    0.1955    0.0196
    0.1965    0.0196
    0.1975    0.0196
    0.1985    0.0196
    0.1995    0.0196
    0.2005    0.0196
    0.2015    0.0196
    0.2025    0.0196
    0.2035    0.0196
    0.2045    0.0196
    0.2055    0.0196
    0.2065    0.0196
    0.2075    0.0196
    0.2085    0.0196
    0.2095    0.0196
    0.2105    0.0196
    0.2115    0.0196
    0.2125    0.0196
    0.2135    0.0196
    0.2145    0.0196
    0.2155    0.0196
    0.2165    0.0196
    0.2175    0.0196
    0.2185    0.0196
    0.2195    0.0196
    0.2205    0.0196
    0.2215    0.0196
    0.2225    0.0196
    0.2235    0.0196
    0.2245    0.0196
    0.2255    0.0196
    0.2265    0.0196
    0.2275    0.0196
    0.2285    0.0195
    0.2295    0.0195
    0.2305    0.0195
    0.2315    0.0195
    0.2325    0.0195
    0.2335    0.0195
    0.2345    0.0195
    0.2355    0.0195
    0.2365    0.0195
    0.2375    0.0195
    0.2385    0.0195
    0.2395    0.0195
    0.2405    0.0195
    0.2415    0.0195
    0.2425    0.0195
    0.2435    0.0196
    0.2445    0.0259
    0.2455    0.0584
    0.2465    0.1363
    0.2475    0.1687
    0.2485    0.2045
    0.2495    0.2340
    0.2505    0.2600
    0.2515    0.2832
    0.2525    0.3042
    0.2535    0.3233
    0.2545    0.3410
    0.2555    0.3575
    0.2565    0.3729
    0.2575    0.3874
    0.2585    0.4012
    0.2595    0.4142
    0.2605    0.4265
    0.2615    0.4384
    0.2625    0.4497
    0.2635    0.4605
    0.2645    0.4709
    0.2655    0.4809
    0.2665    0.4905
    0.2675    0.4998
    0.2685    0.5088
    0.2695    0.5175
    0.2705    0.5259
    0.2715    0.5341
    0.2725    0.5420
    0.2735    0.5497
    0.2745    0.5571
    0.2755    0.5644
    0.2765    0.5714
    0.2775    0.5783
    0.2785    0.5850
    0.2795    0.5915
    0.2805    0.5978
    0.2815    0.6040
    0.2825    0.6100
    0.2835    0.6159
    0.2845    0.6217
    0.2855    0.6273
    0.2865    0.6328
    0.2875    0.6382
    0.2885    0.6434
    0.2895    0.6486
    0.2905    0.6536
    0.2915    0.6585
    0.2925    0.6633
    0.2935    0.6681
    0.2945    0.6727
    0.2955    0.6772
    0.2965    0.6816
    0.2975    0.6860
    0.2985    0.6903
    0.2995    0.6945
    0.3005    0.6986
    0.3015    0.7026
    0.3025    0.7065
    0.3035    0.7104
    0.3045    0.7142
    0.3055    0.7180
    0.3065    0.7216
    0.3075    0.7252
    0.3085    0.7288
    0.3095    0.7323
    0.3105    0.7357
    0.3115    0.7390
    0.3125    0.7423
    0.3135    0.7456
    0.3145    0.7488
    0.3155    0.7519
    0.3165    0.7550
    0.3175    0.7580
    0.3185    0.7610
    0.3195    0.7640
    0.3205    0.7669
    0.3215    0.7697
    0.3225    0.7725
    0.3235    0.7753
    0.3245    0.7780
    0.3255    0.7806
    0.3265    0.7833
    0.3275    0.7859
    0.3285    0.7884
    0.3295    0.7909
    0.3305    0.7934
    0.3315    0.7958
    0.3325    0.7983
    0.3335    0.8006
    0.3345    0.8030
    0.3355    0.8053
    0.3365    0.8075
    0.3375    0.8098
    0.3385    0.8120
    0.3395    0.8141
    0.3405    0.8163
    0.3415    0.8184
    0.3425    0.8205
    0.3435    0.8225
    0.3445    0.8245
    0.3455    0.8265
    0.3465    0.8285
    0.3475    0.8305
    0.3485    0.8324
    0.3495    0.8343
    0.3505    0.8361
    0.3515    0.8380
    0.3525    0.8398
    0.3535    0.8416
    0.3545    0.8434
    0.3555    0.8451
    0.3565    0.8468
    0.3575    0.8485
    0.3585    0.8502
    0.3595    0.8519
    0.3605    0.8535
    0.3615    0.8552
    0.3625    0.8568
    0.3635    0.8583
    0.3645    0.8599
    0.3655    0.8614
    0.3665    0.8630
    0.3675    0.8645
    0.3685    0.8659
    0.3695    0.8674
    0.3705    0.8689
    0.3715    0.8703
    0.3725    0.8717
    0.3735    0.8731
    0.3745    0.8745
    0.3755    0.8759
    0.3765    0.8772
    0.3775    0.8785
    0.3785    0.8799
    0.3795    0.8812
    0.3805    0.8825
    0.3815    0.8837
    0.3825    0.8850
    0.3835    0.8862
    0.3845    0.8875
    0.3855    0.8887
    0.3865    0.8899
    0.3875    0.8911
    0.3885    0.8923
    0.3895    0.8934
    0.3905    0.8946
    0.3915    0.8957
    0.3925    0.8968
    0.3935    0.8980
    0.3945    0.8991
    0.3955    0.9002
    0.3965    0.9012
    0.3975    0.9023
    0.3985    0.9034
    0.3995    0.9044
