    0.0005    0.5536
    0.0015    0.5536
    0.0025    0.5536
    0.0035    0.5536
    0.0045    0.5536
    0.0055    0.5536
    0.0065    0.5535
    0.0075    0.5535
    0.0085    0.5535
    0.0095    0.5535
    0.0105    0.5535
    0.0115    0.5535
    0.0125    0.5535
    0.0135    0.5534
    0.0145    0.5534
    0.0155    0.5534
    0.0165    0.5534
    0.0175    0.5534
    0.0185    0.5534
    0.0195    0.5533
    0.0205    0.5533
    0.0215    0.5533
    0.0225    0.5533
    0.0235    0.5533
    0.0245    0.5533
    0.0255    0.5532
    0.0265    0.5532
    0.0275    0.5532
    0.0285    0.5532
    0.0295    0.5532
    0.0305    0.5532
    0.0315    0.5532
    0.0325    0.5531
    0.0335    0.5531
    0.0345    0.5531
    0.0355    0.5531
    0.0365    0.5531
    0.0375    0.5531
    0.0385    0.5530
    0.0395    0.5530
    0.0405    0.5530
    0.0415    0.5530
    0.0425    0.5530
    0.0435    0.5530
    0.0445    0.5529
    0.0455    0.5529
    0.0465    0.5529
    0.0475    0.5529
    0.0485    0.5529
    0.0495    0.5529
    0.0505    0.5529
    0.0515    0.5528
    0.0525    0.5528
    0.0535    0.5528
    0.0545    0.5528
    0.0555    0.5528
    0.0565    0.5528
    0.0575    0.5527
    0.0585    0.5527
    0.0595    0.5527
    0.0605    0.5527
    0.0615    0.5527
    0.0625    0.5527
    0.0635    0.5527
    0.0645    0.5526
    0.0655    0.5526
    0.0665    0.5526
    0.0675    0.5526
    0.0685    0.5526
    0.0695    0.5526
    0.0705    0.5525
    0.0715    0.5525
    0.0725    0.5525
    0.0735    0.5525
    0.0745    0.5525
    0.0755    0.5525
    0.0765    0.5524
    0.0775    0.5524
    0.0785    0.5524
    0.0795    0.5524
    0.0805    0.5524
    0.0815    0.5524
    0.0825    0.5524
    0.0835    0.5523
    0.0845    0.5523
    0.0855    0.5523
    0.0865    0.5523
    0.0875    0.5523
    0.0885    0.5523
    0.0895    0.5522
    0.0905    0.5522
    0.0915    0.5522
    0.0925    0.5522
    0.0935    0.5522
    0.0945    0.5522
    0.0955    0.5522
    0.0965    0.5521
    0.0975    0.5521
    0.0985    0.5521
    0.0995    0.5521
    0.1005    0.5521
    0.1015    0.5521
    0.1025    0.5520
    0.1035    0.5520
    0.1045    0.5520
    0.1055    0.5520
    0.1065    0.5520
    0.1075    0.5520
    0.1085    0.5520
    0.1095    0.5519
    0.1105    0.5519
    0.1115    0.5519
    0.1125    0.5519
    0.1135    0.5519
    0.1145    0.5519
    0.1155    0.5518
    0.1165    0.5518
    0.1175    0.5518
    0.1185    0.5518
    0.1195    0.5518
    0.1205    0.5518
    0.1215    0.5517
    0.1225    0.5517
    0.1235    0.5517
    0.1245    0.5517
    0.1255    0.5517
    0.1265    0.5517
    0.1275    0.5517
    0.1285    0.5516
    0.1295    0.5516
    0.1305    0.5516
    0.1315    0.5516
    0.1325    0.5516
    0.1335    0.5516
    0.1345    0.5515
    0.1355    0.5515
    0.1365    0.5515
    0.1375    0.5515
    0.1385    0.5515
    0.1395    0.5515
    0.1405    0.5515
    0.1415    0.5514
    0.1425    0.5514
    0.1435    0.5514
    0.1445    0.5514
    0.1455    0.5514
    0.1465    0.5514
    0.1475    0.5513
    0.1485    0.5513
    0.1495    0.5513
    0.1505    0.5513
    0.1515    0.5513
    0.1525    0.5513
    0.1535    0.5513
    0.1545    0.5512
    0.1555    0.5512
    0.1565    0.5512
    0.1575    0.5512
    0.1585    0.5512
    0.1595    0.5512
    0.1605    0.5511
    0.1615    0.5511
    0.1625    0.5511
    0.1635    0.5511
    0.1645    0.5511
    0.1655    0.5511
    0.1665    0.5511
    0.1675    0.5510
    0.1685    0.5510
    0.1695    0.5510
    0.1705    0.5510
    0.1715    0.5510
    0.1725    0.5510
    0.1735    0.5509
    0.1745    0.5509
    0.1755    0.5509
    0.1765    0.5509
    0.1775    0.5509
    0.1785    0.5509
    0.1795    0.5509
    0.1805    0.5508
    0.1815    0.5508
    0.1825    0.5508
    0.1835    0.5508
    0.1845    0.5508
    0.1855    0.5508
    0.1865    0.5507
    0.1875    0.5507
    0.1885    0.5507
    0.1895    0.5507
    0.1905    0.5507
    0.1915    0.5507
    0.1925    0.5507
    0.1935    0.5506
    0.1945    0.5506
    0.1955    0.5506
    0.1965    0.5506
    0.1975    0.5506
    0.1985    0.5506
    0.1995    0.5505
    0.2005    0.5505
    0.2015    0.5505
    0.2025    0.5505
    0.2035    0.5505
    0.2045    0.5505
    0.2055    0.5505
    0.2065    0.5504
    0.2075    0.5504
    0.2085    0.5504
    0.2095    0.5504
    0.2105    0.5504
    0.2115    0.5504
    0.2125    0.5503
    0.2135    0.5503
    0.2145    0.5503
    0.2155    0.5503
    0.2165    0.5503
    0.2175    0.5503
    0.2185    0.5503
    0.2195    0.5502
    0.2205    0.5502
    0.2215    0.5502
    0.2225    0.5502
    0.2235    0.5502
    0.2245    0.5502
    0.2255    0.5501
    0.2265    0.5501
    0.2275    0.5501
    0.2285    0.5501
    0.2295    0.5501
    0.2305    0.5501
    0.2315    0.5501
    0.2325    0.5500
    0.2335    0.5500
    0.2345    0.5500
    0.2355    0.5500
    0.2365    0.5500
    0.2375    0.5500
    0.2385    0.5499
    0.2395    0.5499
    0.2405    0.5499
    0.2415    0.5499
    0.2425    0.5499
    0.2435    0.5499
    0.2445    0.5499
    0.2455    0.5499
    0.2465    0.5499
    0.2475    0.5500
    0.2485    0.5502
    0.2495    0.5504
    0.2505    0.5506
    0.2515    0.5509
    0.2525    0.5512
    0.2535    0.5515
    0.2545    0.5518
    0.2555    0.5521
    0.2565    0.5525
    0.2575    0.5528
    0.2585    0.5532
    0.2595    0.5536
    0.2605    0.5540
    0.2615    0.5544
    0.2625    0.5548
    0.2635    0.5552
    0.2645    0.5556
    0.2655    0.5561
    0.2665    0.5565
    0.2675    0.5570
    0.2685    0.5574
    0.2695    0.5579
    0.2705    0.5583
    0.2715    0.5588
    0.2725    0.5592
    0.2735    0.5597
    0.2745    0.5602
    0.2755    0.5606
    0.2765    0.5611
    0.2775    0.5616
    0.2785    0.5621
    0.2795    0.5625
    0.2805    0.5630
    0.2815    0.5635
    0.2825    0.5640
    0.2835    0.5644
    0.2845    0.5649
    0.2855    0.5654
    0.2865    0.5658
    0.2875    0.5663
    0.2885    0.5668
    0.2895    0.5672
    0.2905    0.5677
    0.2915    0.5682
    0.2925    0.5687
    0.2935    0.5691
    0.2945    0.5696
    0.2955    0.5701
    0.2965    0.5705
    0.2975    0.5710
    0.2985    0.5715
    0.2995    0.5719
    0.3005    0.5724
    0.3015    0.5729
    0.3025    0.5733
    0.3035    0.5738
    0.3045    0.5742
    0.3055    0.5747
    0.3065    0.5751
    0.3075    0.5756
    0.3085    0.5760
    0.3095    0.5765
    0.3105    0.5769
    0.3115    0.5774
    0.3125    0.5778
    0.3135    0.5783
    0.3145    0.5787
    0.3155    0.5791
    0.3165    0.5796
    0.3175    0.5800
    0.3185    0.5804
    0.3195    0.5809
    0.3205    0.5813
    0.3215    0.5817
    0.3225    0.5821
    0.3235    0.5825
    0.3245    0.5830
    0.3255    0.5834
    0.3265    0.5838
    0.3275    0.5842
    0.3285    0.5846
    0.3295    0.5850
    0.3305    0.5854
    0.3315    0.5859
    0.3325    0.5863
    0.3335    0.5867
    0.3345    0.5871
    0.3355    0.5875
    0.3365    0.5879
    0.3375    0.5883
    0.3385    0.5886
    0.3395    0.5890
    0.3405    0.5894
    0.3415    0.5898
    0.3425    0.5902
    0.3435    0.5906
    0.3445    0.5910
    0.3455    0.5913
    0.3465    0.5917
    0.3475    0.5921
    0.3485    0.5925
    0.3495    0.5929
    0.3505    0.5932
    0.3515    0.5936
    0.3525    0.5940
    0.3535    0.5943
    0.3545    0.5947
    0.3555    0.5950
    0.3565    0.5954
    0.3575    0.5958
    0.3585    0.5961
    0.3595    0.5965
    0.3605    0.5968
    0.3615    0.5972
    0.3625    0.5975
    0.3635    0.5979
    0.3645    0.5982
    0.3655    0.5986
    0.3665    0.5989
    0.3675    0.5992
    0.3685    0.5996
    0.3695    0.5999
    0.3705    0.6002
    0.3715    0.6006
    0.3725    0.6009
    0.3735    0.6012
    0.3745    0.6015
    0.3755    0.6019
    0.3765    0.6022
    0.3775    0.6025
    0.3785    0.6028
    0.3795    0.6031
    0.3805    0.6034
    0.3815    0.6037
    0.3825    0.6040
    0.3835    0.6044
    0.3845    0.6047
    0.3855    0.6050
    0.3865    0.6052
    0.3875    0.6055
    0.3885    0.6058
    0.3895    0.6061
    0.3905    0.6064
    0.3915    0.6067
    0.3925    0.6069
    0.3935    0.6072
    0.3945    0.6074
    0.3955    0.6077
    0.3965    0.6078
    0.3975    0.6080
    0.3985    0.6081
    0.3995    0.6081
