/*--------------------------------*- C++ -*----------------------------------*\
| =========                 |                                                 |
| \\      /  F ield         | OpenFOAM: The Open Source CFD Toolbox           |
|  \\    /   O peration     | Version:  3.0.0                                 |
|   \\  /    A nd           | Web:      www.OpenFOAM.org                      |
|    \\/     M anipulation  |                                                 |
\*---------------------------------------------------------------------------*/
FoamFile
{
    version     2.0;
    format      ascii;
    class       faceSet;
    location    "constant/polyMesh/sets";
    object      Y1;
}
// * * * * * * * * * * * * * * * * * * * * * * * * * * * * * * * * * * * * * //


8398
(
207001 
207004 
207006 
207008 
207010 
207012 
207014 
207016 
207018 
207020 
207022 
207024 
207026 
207028 
207030 
207032 
207034 
207036 
207038 
207040 
207042 
207044 
207046 
207048 
207050 
207052 
207054 
207056 
207058 
207060 
207062 
207064 
207066 
207068 
207070 
207072 
207074 
207076 
207078 
207080 
207082 
207084 
207086 
207088 
207090 
207092 
207094 
207096 
207098 
207100 
207102 
207104 
207106 
207108 
207110 
207112 
207114 
207116 
207118 
207120 
207122 
207124 
207126 
207128 
207130 
207132 
207134 
207136 
207138 
207140 
207142 
207144 
207146 
207148 
207150 
207152 
207154 
207156 
207158 
207160 
207162 
207164 
207166 
207168 
207170 
207172 
207174 
207176 
207178 
207180 
207182 
207184 
207186 
207188 
207190 
207192 
207194 
207196 
207198 
207200 
207202 
207204 
207206 
207208 
207210 
207212 
207214 
207216 
207218 
207220 
207222 
207224 
207226 
207228 
207230 
207232 
207234 
207236 
207238 
207240 
207242 
207244 
207245 
207246 
207247 
207248 
207249 
207250 
207251 
207252 
207253 
207254 
207255 
207256 
207257 
207258 
207259 
207260 
207261 
207262 
207263 
207264 
207265 
207266 
207267 
207268 
207269 
207270 
207271 
207272 
207273 
207274 
207275 
207276 
207277 
207278 
207279 
207280 
207281 
207282 
207283 
207284 
207285 
207286 
207287 
207288 
207289 
207290 
207291 
207292 
207293 
207294 
207295 
207296 
207297 
207298 
207299 
207300 
207301 
207302 
207303 
207304 
207305 
207306 
207307 
207308 
207309 
207310 
207311 
207312 
207313 
207314 
207315 
207316 
207317 
207318 
207319 
207320 
207321 
207322 
207323 
207324 
207325 
207326 
207327 
207328 
207329 
207330 
207331 
207332 
207333 
207334 
207335 
207336 
207337 
207338 
207339 
207340 
207341 
207342 
207343 
207344 
207345 
207346 
207347 
207348 
207349 
207350 
207351 
207352 
207353 
207354 
207355 
207356 
207357 
207358 
207359 
207360 
207361 
207362 
207364 
207366 
207367 
207368 
207369 
207370 
207371 
207372 
207373 
207374 
207375 
207376 
207377 
207378 
207379 
207380 
207381 
207382 
207383 
207384 
207385 
207386 
207387 
207388 
207389 
207390 
207391 
207392 
207393 
207394 
207395 
207396 
207397 
207398 
207399 
207400 
207401 
207402 
207403 
207404 
207405 
207406 
207407 
207408 
207409 
207410 
207411 
207412 
207413 
207414 
207415 
207416 
207417 
207418 
207419 
207420 
207421 
207422 
207423 
207424 
207425 
207426 
207427 
207428 
207429 
207430 
207431 
207432 
207433 
207434 
207435 
207436 
207437 
207438 
207439 
207440 
207441 
207442 
207443 
207444 
207445 
207446 
207447 
207448 
207449 
207450 
207451 
207452 
207453 
207454 
207455 
207456 
207457 
207458 
207459 
207460 
207461 
207462 
207463 
207464 
207465 
207466 
207467 
207468 
207469 
207470 
207471 
207472 
207473 
207474 
207475 
207476 
207477 
207478 
207479 
207480 
207481 
207482 
207483 
207484 
207486 
207488 
207489 
207490 
207491 
207492 
207493 
207494 
207495 
207496 
207497 
207498 
207499 
207500 
207501 
207502 
207503 
207504 
207505 
207506 
207507 
207508 
207509 
207510 
207511 
207512 
207513 
207514 
207515 
207516 
207517 
207518 
207519 
207520 
207521 
207522 
207523 
207524 
207525 
207526 
207527 
207528 
207529 
207530 
207531 
207532 
207533 
207534 
207535 
207536 
207537 
207538 
207539 
207540 
207541 
207542 
207543 
207544 
207545 
207546 
207547 
207548 
207549 
207550 
207551 
207552 
207553 
207554 
207555 
207556 
207557 
207558 
207559 
207560 
207561 
207562 
207563 
207564 
207565 
207566 
207567 
207568 
207569 
207570 
207571 
207572 
207573 
207574 
207575 
207576 
207577 
207578 
207579 
207580 
207581 
207582 
207583 
207584 
207585 
207586 
207587 
207588 
207589 
207590 
207591 
207592 
207593 
207594 
207595 
207596 
207597 
207598 
207599 
207600 
207601 
207602 
207603 
207604 
207605 
207606 
207608 
207610 
207611 
207612 
207613 
207614 
207615 
207616 
207617 
207618 
207619 
207620 
207621 
207622 
207623 
207624 
207625 
207626 
207627 
207628 
207629 
207630 
207631 
207632 
207633 
207634 
207635 
207636 
207637 
207638 
207639 
207640 
207641 
207642 
207643 
207644 
207645 
207646 
207647 
207648 
207649 
207650 
207651 
207652 
207653 
207654 
207655 
207656 
207657 
207658 
207659 
207660 
207661 
207662 
207663 
207664 
207665 
207666 
207667 
207668 
207669 
207670 
207671 
207672 
207673 
207674 
207675 
207676 
207677 
207678 
207679 
207680 
207681 
207682 
207683 
207684 
207685 
207686 
207687 
207688 
207689 
207690 
207691 
207692 
207693 
207694 
207695 
207696 
207697 
207698 
207699 
207700 
207701 
207702 
207703 
207704 
207705 
207706 
207707 
207708 
207709 
207710 
207711 
207712 
207713 
207714 
207715 
207716 
207717 
207718 
207719 
207720 
207721 
207722 
207723 
207724 
207725 
207726 
207727 
207728 
207730 
207732 
207733 
207734 
207735 
207736 
207737 
207738 
207739 
207740 
207741 
207742 
207743 
207744 
207745 
207746 
207747 
207748 
207749 
207750 
207751 
207752 
207753 
207754 
207755 
207756 
207757 
207758 
207759 
207760 
207761 
207762 
207763 
207764 
207765 
207766 
207767 
207768 
207769 
207770 
207771 
207772 
207773 
207774 
207775 
207776 
207777 
207778 
207779 
207780 
207781 
207782 
207783 
207784 
207785 
207786 
207787 
207788 
207789 
207790 
207791 
207792 
207793 
207794 
207795 
207796 
207797 
207798 
207799 
207800 
207801 
207802 
207803 
207804 
207805 
207806 
207807 
207808 
207809 
207810 
207811 
207812 
207813 
207814 
207815 
207816 
207817 
207818 
207819 
207820 
207821 
207822 
207823 
207824 
207825 
207826 
207827 
207828 
207829 
207830 
207831 
207832 
207833 
207834 
207835 
207836 
207837 
207838 
207839 
207840 
207841 
207842 
207843 
207844 
207845 
207846 
207847 
207848 
207849 
207850 
207852 
207854 
207855 
207856 
207857 
207858 
207859 
207860 
207861 
207862 
207863 
207864 
207865 
207866 
207867 
207868 
207869 
207870 
207871 
207872 
207873 
207874 
207875 
207876 
207877 
207878 
207879 
207880 
207881 
207882 
207883 
207884 
207885 
207886 
207887 
207888 
207889 
207890 
207891 
207892 
207893 
207894 
207895 
207896 
207897 
207898 
207899 
207900 
207901 
207902 
207903 
207904 
207905 
207906 
207907 
207908 
207909 
207910 
207911 
207912 
207913 
207914 
207915 
207916 
207917 
207918 
207919 
207920 
207921 
207922 
207923 
207924 
207925 
207926 
207927 
207928 
207929 
207930 
207931 
207932 
207933 
207934 
207935 
207936 
207937 
207938 
207939 
207940 
207941 
207942 
207943 
207944 
207945 
207946 
207947 
207948 
207949 
207950 
207951 
207952 
207953 
207954 
207955 
207956 
207957 
207958 
207959 
207960 
207961 
207962 
207963 
207964 
207965 
207966 
207967 
207968 
207969 
207970 
207971 
207972 
207974 
207976 
207977 
207978 
207979 
207980 
207981 
207982 
207983 
207984 
207985 
207986 
207987 
207988 
207989 
207990 
207991 
207992 
207993 
207994 
207995 
207996 
207997 
207998 
207999 
208000 
208001 
208002 
208003 
208004 
208005 
208006 
208007 
208008 
208009 
208010 
208011 
208012 
208013 
208014 
208015 
208016 
208017 
208018 
208019 
208020 
208021 
208022 
208023 
208024 
208025 
208026 
208027 
208028 
208029 
208030 
208031 
208032 
208033 
208034 
208035 
208036 
208037 
208038 
208039 
208040 
208041 
208042 
208043 
208044 
208045 
208046 
208047 
208048 
208049 
208050 
208051 
208052 
208053 
208054 
208055 
208056 
208057 
208058 
208059 
208060 
208061 
208062 
208063 
208064 
208065 
208066 
208067 
208068 
208069 
208070 
208071 
208072 
208073 
208074 
208075 
208076 
208077 
208078 
208079 
208080 
208081 
208082 
208083 
208084 
208085 
208086 
208087 
208088 
208089 
208090 
208091 
208092 
208093 
208094 
208096 
208098 
208099 
208100 
208101 
208102 
208103 
208104 
208105 
208106 
208107 
208108 
208109 
208110 
208111 
208112 
208113 
208114 
208115 
208116 
208117 
208118 
208119 
208120 
208121 
208122 
208123 
208124 
208125 
208126 
208127 
208128 
208129 
208130 
208131 
208132 
208133 
208134 
208135 
208136 
208137 
208138 
208139 
208140 
208141 
208142 
208143 
208144 
208145 
208146 
208147 
208148 
208149 
208150 
208151 
208152 
208153 
208154 
208155 
208156 
208157 
208158 
208159 
208160 
208161 
208162 
208163 
208164 
208165 
208166 
208167 
208168 
208169 
208170 
208171 
208172 
208173 
208174 
208175 
208176 
208177 
208178 
208179 
208180 
208181 
208182 
208183 
208184 
208185 
208186 
208187 
208188 
208189 
208190 
208191 
208192 
208193 
208194 
208195 
208196 
208197 
208198 
208199 
208200 
208201 
208202 
208203 
208204 
208205 
208206 
208207 
208208 
208209 
208210 
208211 
208212 
208213 
208214 
208215 
208216 
208218 
208220 
208221 
208222 
208223 
208224 
208225 
208226 
208227 
208228 
208229 
208230 
208231 
208232 
208233 
208234 
208235 
208236 
208237 
208238 
208239 
208240 
208241 
208242 
208243 
208244 
208245 
208246 
208247 
208248 
208249 
208250 
208251 
208252 
208253 
208254 
208255 
208256 
208257 
208258 
208259 
208260 
208261 
208262 
208263 
208264 
208265 
208266 
208267 
208268 
208269 
208270 
208271 
208272 
208273 
208274 
208275 
208276 
208277 
208278 
208279 
208280 
208281 
208282 
208283 
208284 
208285 
208286 
208287 
208288 
208289 
208290 
208291 
208292 
208293 
208294 
208295 
208296 
208297 
208298 
208299 
208300 
208301 
208302 
208303 
208304 
208305 
208306 
208307 
208308 
208309 
208310 
208311 
208312 
208313 
208314 
208315 
208316 
208317 
208318 
208319 
208320 
208321 
208322 
208323 
208324 
208325 
208326 
208327 
208328 
208329 
208330 
208331 
208332 
208333 
208334 
208335 
208336 
208337 
208338 
208340 
208342 
208343 
208344 
208345 
208346 
208347 
208348 
208349 
208350 
208351 
208352 
208353 
208354 
208355 
208356 
208357 
208358 
208359 
208360 
208361 
208362 
208363 
208364 
208365 
208366 
208367 
208368 
208369 
208370 
208371 
208372 
208373 
208374 
208375 
208376 
208377 
208378 
208379 
208380 
208381 
208382 
208383 
208384 
208385 
208386 
208387 
208388 
208389 
208390 
208391 
208392 
208393 
208394 
208395 
208396 
208397 
208398 
208399 
208400 
208401 
208402 
208403 
208404 
208405 
208406 
208407 
208408 
208409 
208410 
208411 
208412 
208413 
208414 
208415 
208416 
208417 
208418 
208419 
208420 
208421 
208422 
208423 
208424 
208425 
208426 
208427 
208428 
208429 
208430 
208431 
208432 
208433 
208434 
208435 
208436 
208437 
208438 
208439 
208440 
208441 
208442 
208443 
208444 
208445 
208446 
208447 
208448 
208449 
208450 
208451 
208452 
208453 
208454 
208455 
208456 
208457 
208458 
208459 
208460 
208462 
208464 
208465 
208466 
208467 
208468 
208469 
208470 
208471 
208472 
208473 
208474 
208475 
208476 
208477 
208478 
208479 
208480 
208481 
208482 
208483 
208484 
208485 
208486 
208487 
208488 
208489 
208490 
208491 
208492 
208493 
208494 
208495 
208496 
208497 
208498 
208499 
208500 
208501 
208502 
208503 
208504 
208505 
208506 
208507 
208508 
208509 
208510 
208511 
208512 
208513 
208514 
208515 
208516 
208517 
208518 
208519 
208520 
208521 
208522 
208523 
208524 
208525 
208526 
208527 
208528 
208529 
208530 
208531 
208532 
208533 
208534 
208535 
208536 
208537 
208538 
208539 
208540 
208541 
208542 
208543 
208544 
208545 
208546 
208547 
208548 
208549 
208550 
208551 
208552 
208553 
208554 
208555 
208556 
208557 
208558 
208559 
208560 
208561 
208562 
208563 
208564 
208565 
208566 
208567 
208568 
208569 
208570 
208571 
208572 
208573 
208574 
208575 
208576 
208577 
208578 
208579 
208580 
208581 
208582 
208584 
208586 
208587 
208588 
208589 
208590 
208591 
208592 
208593 
208594 
208595 
208596 
208597 
208598 
208599 
208600 
208601 
208602 
208603 
208604 
208605 
208606 
208607 
208608 
208609 
208610 
208611 
208612 
208613 
208614 
208615 
208616 
208617 
208618 
208619 
208620 
208621 
208622 
208623 
208624 
208625 
208626 
208627 
208628 
208629 
208630 
208631 
208632 
208633 
208634 
208635 
208636 
208637 
208638 
208639 
208640 
208641 
208642 
208643 
208644 
208645 
208646 
208647 
208648 
208649 
208650 
208651 
208652 
208653 
208654 
208655 
208656 
208657 
208658 
208659 
208660 
208661 
208662 
208663 
208664 
208665 
208666 
208667 
208668 
208669 
208670 
208671 
208672 
208673 
208674 
208675 
208676 
208677 
208678 
208679 
208680 
208681 
208682 
208683 
208684 
208685 
208686 
208687 
208688 
208689 
208690 
208691 
208692 
208693 
208694 
208695 
208696 
208697 
208698 
208699 
208700 
208701 
208702 
208703 
208704 
208706 
208708 
208709 
208710 
208711 
208712 
208713 
208714 
208715 
208716 
208717 
208718 
208719 
208720 
208721 
208722 
208723 
208724 
208725 
208726 
208727 
208728 
208729 
208730 
208731 
208732 
208733 
208734 
208735 
208736 
208737 
208738 
208739 
208740 
208741 
208742 
208743 
208744 
208745 
208746 
208747 
208748 
208749 
208750 
208751 
208752 
208753 
208754 
208755 
208756 
208757 
208758 
208759 
208760 
208761 
208762 
208763 
208764 
208765 
208766 
208767 
208768 
208769 
208770 
208771 
208772 
208773 
208774 
208775 
208776 
208777 
208778 
208779 
208780 
208781 
208782 
208783 
208784 
208785 
208786 
208787 
208788 
208789 
208790 
208791 
208792 
208793 
208794 
208795 
208796 
208797 
208798 
208799 
208800 
208801 
208802 
208803 
208804 
208805 
208806 
208807 
208808 
208809 
208810 
208811 
208812 
208813 
208814 
208815 
208816 
208817 
208818 
208819 
208820 
208821 
208822 
208823 
208824 
208825 
208826 
208828 
208830 
208831 
208832 
208833 
208834 
208835 
208836 
208837 
208838 
208839 
208840 
208841 
208842 
208843 
208844 
208845 
208846 
208847 
208848 
208849 
208850 
208851 
208852 
208853 
208854 
208855 
208856 
208857 
208858 
208859 
208860 
208861 
208862 
208863 
208864 
208865 
208866 
208867 
208868 
208869 
208870 
208871 
208872 
208873 
208874 
208875 
208876 
208877 
208878 
208879 
208880 
208881 
208882 
208883 
208884 
208885 
208886 
208887 
208888 
208889 
208890 
208891 
208892 
208893 
208894 
208895 
208896 
208897 
208898 
208899 
208900 
208901 
208902 
208903 
208904 
208905 
208906 
208907 
208908 
208909 
208910 
208911 
208912 
208913 
208914 
208915 
208916 
208917 
208918 
208919 
208920 
208921 
208922 
208923 
208924 
208925 
208926 
208927 
208928 
208929 
208930 
208931 
208932 
208933 
208934 
208935 
208936 
208937 
208938 
208939 
208940 
208941 
208942 
208943 
208944 
208945 
208946 
208947 
208948 
208950 
208952 
208953 
208954 
208955 
208956 
208957 
208958 
208959 
208960 
208961 
208962 
208963 
208964 
208965 
208966 
208967 
208968 
208969 
208970 
208971 
208972 
208973 
208974 
208975 
208976 
208977 
208978 
208979 
208980 
208981 
208982 
208983 
208984 
208985 
208986 
208987 
208988 
208989 
208990 
208991 
208992 
208993 
208994 
208995 
208996 
208997 
208998 
208999 
209000 
209001 
209002 
209003 
209004 
209005 
209006 
209007 
209008 
209009 
209010 
209011 
209012 
209013 
209014 
209015 
209016 
209017 
209018 
209019 
209020 
209021 
209022 
209023 
209024 
209025 
209026 
209027 
209028 
209029 
209030 
209031 
209032 
209033 
209034 
209035 
209036 
209037 
209038 
209039 
209040 
209041 
209042 
209043 
209044 
209045 
209046 
209047 
209048 
209049 
209050 
209051 
209052 
209053 
209054 
209055 
209056 
209057 
209058 
209059 
209060 
209061 
209062 
209063 
209064 
209065 
209066 
209067 
209068 
209069 
209070 
209072 
209074 
209075 
209076 
209077 
209078 
209079 
209080 
209081 
209082 
209083 
209084 
209085 
209086 
209087 
209088 
209089 
209090 
209091 
209092 
209093 
209094 
209095 
209096 
209097 
209098 
209099 
209100 
209101 
209102 
209103 
209104 
209105 
209106 
209107 
209108 
209109 
209110 
209111 
209112 
209113 
209114 
209115 
209116 
209117 
209118 
209119 
209120 
209121 
209122 
209123 
209124 
209125 
209126 
209127 
209128 
209129 
209130 
209131 
209132 
209133 
209134 
209135 
209136 
209137 
209138 
209139 
209140 
209141 
209142 
209143 
209144 
209145 
209146 
209147 
209148 
209149 
209150 
209151 
209152 
209153 
209154 
209155 
209156 
209157 
209158 
209159 
209160 
209161 
209162 
209163 
209164 
209165 
209166 
209167 
209168 
209169 
209170 
209171 
209172 
209173 
209174 
209175 
209176 
209177 
209178 
209179 
209180 
209181 
209182 
209183 
209184 
209185 
209186 
209187 
209188 
209189 
209190 
209191 
209192 
209194 
209196 
209197 
209198 
209199 
209200 
209201 
209202 
209203 
209204 
209205 
209206 
209207 
209208 
209209 
209210 
209211 
209212 
209213 
209214 
209215 
209216 
209217 
209218 
209219 
209220 
209221 
209222 
209223 
209224 
209225 
209226 
209227 
209228 
209229 
209230 
209231 
209232 
209233 
209234 
209235 
209236 
209237 
209238 
209239 
209240 
209241 
209242 
209243 
209244 
209245 
209246 
209247 
209248 
209249 
209250 
209251 
209252 
209253 
209254 
209255 
209256 
209257 
209258 
209259 
209260 
209261 
209262 
209263 
209264 
209265 
209266 
209267 
209268 
209269 
209270 
209271 
209272 
209273 
209274 
209275 
209276 
209277 
209278 
209279 
209280 
209281 
209282 
209283 
209284 
209285 
209286 
209287 
209288 
209289 
209290 
209291 
209292 
209293 
209294 
209295 
209296 
209297 
209298 
209299 
209300 
209301 
209302 
209303 
209304 
209305 
209306 
209307 
209308 
209309 
209310 
209311 
209312 
209313 
209314 
209316 
209318 
209319 
209320 
209321 
209322 
209323 
209324 
209325 
209326 
209327 
209328 
209329 
209330 
209331 
209332 
209333 
209334 
209335 
209336 
209337 
209338 
209339 
209340 
209341 
209342 
209343 
209344 
209345 
209346 
209347 
209348 
209349 
209350 
209351 
209352 
209353 
209354 
209355 
209356 
209357 
209358 
209359 
209360 
209361 
209362 
209363 
209364 
209365 
209366 
209367 
209368 
209369 
209370 
209371 
209372 
209373 
209374 
209375 
209376 
209377 
209378 
209379 
209380 
209381 
209382 
209383 
209384 
209385 
209386 
209387 
209388 
209389 
209390 
209391 
209392 
209393 
209394 
209395 
209396 
209397 
209398 
209399 
209400 
209401 
209402 
209403 
209404 
209405 
209406 
209407 
209408 
209409 
209410 
209411 
209412 
209413 
209414 
209415 
209416 
209417 
209418 
209419 
209420 
209421 
209422 
209423 
209424 
209425 
209426 
209427 
209428 
209429 
209430 
209431 
209432 
209433 
209434 
209435 
209436 
209438 
209440 
209441 
209442 
209443 
209444 
209445 
209446 
209447 
209448 
209449 
209450 
209451 
209452 
209453 
209454 
209455 
209456 
209457 
209458 
209459 
209460 
209461 
209462 
209463 
209464 
209465 
209466 
209467 
209468 
209469 
209470 
209471 
209472 
209473 
209474 
209475 
209476 
209477 
209478 
209479 
209480 
209481 
209482 
209483 
209484 
209485 
209486 
209487 
209488 
209489 
209490 
209491 
209492 
209493 
209494 
209495 
209496 
209497 
209498 
209499 
209500 
209501 
209502 
209503 
209504 
209505 
209506 
209507 
209508 
209509 
209510 
209511 
209512 
209513 
209514 
209515 
209516 
209517 
209518 
209519 
209520 
209521 
209522 
209523 
209524 
209525 
209526 
209527 
209528 
209529 
209530 
209531 
209532 
209533 
209534 
209535 
209536 
209537 
209538 
209539 
209540 
209541 
209542 
209543 
209544 
209545 
209546 
209547 
209548 
209549 
209550 
209551 
209552 
209553 
209554 
209555 
209556 
209557 
209558 
209560 
209562 
209563 
209564 
209565 
209566 
209567 
209568 
209569 
209570 
209571 
209572 
209573 
209574 
209575 
209576 
209577 
209578 
209579 
209580 
209581 
209582 
209583 
209584 
209585 
209586 
209587 
209588 
209589 
209590 
209591 
209592 
209593 
209594 
209595 
209596 
209597 
209598 
209599 
209600 
209601 
209602 
209603 
209604 
209605 
209606 
209607 
209608 
209609 
209610 
209611 
209612 
209613 
209614 
209615 
209616 
209617 
209618 
209619 
209620 
209621 
209622 
209623 
209624 
209625 
209626 
209627 
209628 
209629 
209630 
209631 
209632 
209633 
209634 
209635 
209636 
209637 
209638 
209639 
209640 
209641 
209642 
209643 
209644 
209645 
209646 
209647 
209648 
209649 
209650 
209651 
209652 
209653 
209654 
209655 
209656 
209657 
209658 
209659 
209660 
209661 
209662 
209663 
209664 
209665 
209666 
209667 
209668 
209669 
209670 
209671 
209672 
209673 
209674 
209675 
209676 
209677 
209678 
209679 
209680 
209682 
209684 
209685 
209686 
209687 
209688 
209689 
209690 
209691 
209692 
209693 
209694 
209695 
209696 
209697 
209698 
209699 
209700 
209701 
209702 
209703 
209704 
209705 
209706 
209707 
209708 
209709 
209710 
209711 
209712 
209713 
209714 
209715 
209716 
209717 
209718 
209719 
209720 
209721 
209722 
209723 
209724 
209725 
209726 
209727 
209728 
209729 
209730 
209731 
209732 
209733 
209734 
209735 
209736 
209737 
209738 
209739 
209740 
209741 
209742 
209743 
209744 
209745 
209746 
209747 
209748 
209749 
209750 
209751 
209752 
209753 
209754 
209755 
209756 
209757 
209758 
209759 
209760 
209761 
209762 
209763 
209764 
209765 
209766 
209767 
209768 
209769 
209770 
209771 
209772 
209773 
209774 
209775 
209776 
209777 
209778 
209779 
209780 
209781 
209782 
209783 
209784 
209785 
209786 
209787 
209788 
209789 
209790 
209791 
209792 
209793 
209794 
209795 
209796 
209797 
209798 
209799 
209800 
209801 
209802 
209804 
209806 
209807 
209808 
209809 
209810 
209811 
209812 
209813 
209814 
209815 
209816 
209817 
209818 
209819 
209820 
209821 
209822 
209823 
209824 
209825 
209826 
209827 
209828 
209829 
209830 
209831 
209832 
209833 
209834 
209835 
209836 
209837 
209838 
209839 
209840 
209841 
209842 
209843 
209844 
209845 
209846 
209847 
209848 
209849 
209850 
209851 
209852 
209853 
209854 
209855 
209856 
209857 
209858 
209859 
209860 
209861 
209862 
209863 
209864 
209865 
209866 
209867 
209868 
209869 
209870 
209871 
209872 
209873 
209874 
209875 
209876 
209877 
209878 
209879 
209880 
209881 
209882 
209883 
209884 
209885 
209886 
209887 
209888 
209889 
209890 
209891 
209892 
209893 
209894 
209895 
209896 
209897 
209898 
209899 
209900 
209901 
209902 
209903 
209904 
209905 
209906 
209907 
209908 
209909 
209910 
209911 
209912 
209913 
209914 
209915 
209916 
209917 
209918 
209919 
209920 
209921 
209922 
209923 
209924 
209926 
209928 
209929 
209930 
209931 
209932 
209933 
209934 
209935 
209936 
209937 
209938 
209939 
209940 
209941 
209942 
209943 
209944 
209945 
209946 
209947 
209948 
209949 
209950 
209951 
209952 
209953 
209954 
209955 
209956 
209957 
209958 
209959 
209960 
209961 
209962 
209963 
209964 
209965 
209966 
209967 
209968 
209969 
209970 
209971 
209972 
209973 
209974 
209975 
209976 
209977 
209978 
209979 
209980 
209981 
209982 
209983 
209984 
209985 
209986 
209987 
209988 
209989 
209990 
209991 
209992 
209993 
209994 
209995 
209996 
209997 
209998 
209999 
210000 
210001 
210002 
210003 
210004 
210005 
210006 
210007 
210008 
210009 
210010 
210011 
210012 
210013 
210014 
210015 
210016 
210017 
210018 
210019 
210020 
210021 
210022 
210023 
210024 
210025 
210026 
210027 
210028 
210029 
210030 
210031 
210032 
210033 
210034 
210035 
210036 
210037 
210038 
210039 
210040 
210041 
210042 
210043 
210044 
210045 
210046 
210048 
210050 
210051 
210052 
210053 
210054 
210055 
210056 
210057 
210058 
210059 
210060 
210061 
210062 
210063 
210064 
210065 
210066 
210067 
210068 
210069 
210070 
210071 
210072 
210073 
210074 
210075 
210076 
210077 
210078 
210079 
210080 
210081 
210082 
210083 
210084 
210085 
210086 
210087 
210088 
210089 
210090 
210091 
210092 
210093 
210094 
210095 
210096 
210097 
210098 
210099 
210100 
210101 
210102 
210103 
210104 
210105 
210106 
210107 
210108 
210109 
210110 
210111 
210112 
210113 
210114 
210115 
210116 
210117 
210118 
210119 
210120 
210121 
210122 
210123 
210124 
210125 
210126 
210127 
210128 
210129 
210130 
210131 
210132 
210133 
210134 
210135 
210136 
210137 
210138 
210139 
210140 
210141 
210142 
210143 
210144 
210145 
210146 
210147 
210148 
210149 
210150 
210151 
210152 
210153 
210154 
210155 
210156 
210157 
210158 
210159 
210160 
210161 
210162 
210163 
210164 
210165 
210166 
210167 
210168 
210170 
210172 
210173 
210174 
210175 
210176 
210177 
210178 
210179 
210180 
210181 
210182 
210183 
210184 
210185 
210186 
210187 
210188 
210189 
210190 
210191 
210192 
210193 
210194 
210195 
210196 
210197 
210198 
210199 
210200 
210201 
210202 
210203 
210204 
210205 
210206 
210207 
210208 
210209 
210210 
210211 
210212 
210213 
210214 
210215 
210216 
210217 
210218 
210219 
210220 
210221 
210222 
210223 
210224 
210225 
210226 
210227 
210228 
210229 
210230 
210231 
210232 
210233 
210234 
210235 
210236 
210237 
210238 
210239 
210240 
210241 
210242 
210243 
210244 
210245 
210246 
210247 
210248 
210249 
210250 
210251 
210252 
210253 
210254 
210255 
210256 
210257 
210258 
210259 
210260 
210261 
210262 
210263 
210264 
210265 
210266 
210267 
210268 
210269 
210270 
210271 
210272 
210273 
210274 
210275 
210276 
210277 
210278 
210279 
210280 
210281 
210282 
210283 
210284 
210285 
210286 
210287 
210288 
210289 
210290 
210292 
210294 
210295 
210296 
210297 
210298 
210299 
210300 
210301 
210302 
210303 
210304 
210305 
210306 
210307 
210308 
210309 
210310 
210311 
210312 
210313 
210314 
210315 
210316 
210317 
210318 
210319 
210320 
210321 
210322 
210323 
210324 
210325 
210326 
210327 
210328 
210329 
210330 
210331 
210332 
210333 
210334 
210335 
210336 
210337 
210338 
210339 
210340 
210341 
210342 
210343 
210344 
210345 
210346 
210347 
210348 
210349 
210350 
210351 
210352 
210353 
210354 
210355 
210356 
210357 
210358 
210359 
210360 
210361 
210362 
210363 
210364 
210365 
210366 
210367 
210368 
210369 
210370 
210371 
210372 
210373 
210374 
210375 
210376 
210377 
210378 
210379 
210380 
210381 
210382 
210383 
210384 
210385 
210386 
210387 
210388 
210389 
210390 
210391 
210392 
210393 
210394 
210395 
210396 
210397 
210398 
210399 
210400 
210401 
210402 
210403 
210404 
210405 
210406 
210407 
210408 
210409 
210410 
210411 
210412 
210414 
210416 
210417 
210418 
210419 
210420 
210421 
210422 
210423 
210424 
210425 
210426 
210427 
210428 
210429 
210430 
210431 
210432 
210433 
210434 
210435 
210436 
210437 
210438 
210439 
210440 
210441 
210442 
210443 
210444 
210445 
210446 
210447 
210448 
210449 
210450 
210451 
210452 
210453 
210454 
210455 
210456 
210457 
210458 
210459 
210460 
210461 
210462 
210463 
210464 
210465 
210466 
210467 
210468 
210469 
210470 
210471 
210472 
210473 
210474 
210475 
210476 
210477 
210478 
210479 
210480 
210481 
210482 
210483 
210484 
210485 
210486 
210487 
210488 
210489 
210490 
210491 
210492 
210493 
210494 
210495 
210496 
210497 
210498 
210499 
210500 
210501 
210502 
210503 
210504 
210505 
210506 
210507 
210508 
210509 
210510 
210511 
210512 
210513 
210514 
210515 
210516 
210517 
210518 
210519 
210520 
210521 
210522 
210523 
210524 
210525 
210526 
210527 
210528 
210529 
210530 
210531 
210532 
210533 
210534 
210536 
210538 
210539 
210540 
210541 
210542 
210543 
210544 
210545 
210546 
210547 
210548 
210549 
210550 
210551 
210552 
210553 
210554 
210555 
210556 
210557 
210558 
210559 
210560 
210561 
210562 
210563 
210564 
210565 
210566 
210567 
210568 
210569 
210570 
210571 
210572 
210573 
210574 
210575 
210576 
210577 
210578 
210579 
210580 
210581 
210582 
210583 
210584 
210585 
210586 
210587 
210588 
210589 
210590 
210591 
210592 
210593 
210594 
210595 
210596 
210597 
210598 
210599 
210600 
210601 
210602 
210603 
210604 
210605 
210606 
210607 
210608 
210609 
210610 
210611 
210612 
210613 
210614 
210615 
210616 
210617 
210618 
210619 
210620 
210621 
210622 
210623 
210624 
210625 
210626 
210627 
210628 
210629 
210630 
210631 
210632 
210633 
210634 
210635 
210636 
210637 
210638 
210639 
210640 
210641 
210642 
210643 
210644 
210645 
210646 
210647 
210648 
210649 
210650 
210651 
210652 
210653 
210654 
210655 
210656 
210658 
210660 
210661 
210662 
210663 
210664 
210665 
210666 
210667 
210668 
210669 
210670 
210671 
210672 
210673 
210674 
210675 
210676 
210677 
210678 
210679 
210680 
210681 
210682 
210683 
210684 
210685 
210686 
210687 
210688 
210689 
210690 
210691 
210692 
210693 
210694 
210695 
210696 
210697 
210698 
210699 
210700 
210701 
210702 
210703 
210704 
210705 
210706 
210707 
210708 
210709 
210710 
210711 
210712 
210713 
210714 
210715 
210716 
210717 
210718 
210719 
210720 
210721 
210722 
210723 
210724 
210725 
210726 
210727 
210728 
210729 
210730 
210731 
210732 
210733 
210734 
210735 
210736 
210737 
210738 
210739 
210740 
210741 
210742 
210743 
210744 
210745 
210746 
210747 
210748 
210749 
210750 
210751 
210752 
210753 
210754 
210755 
210756 
210757 
210758 
210759 
210760 
210761 
210762 
210763 
210764 
210765 
210766 
210767 
210768 
210769 
210770 
210771 
210772 
210773 
210774 
210775 
210776 
210777 
210778 
210780 
210782 
210783 
210784 
210785 
210786 
210787 
210788 
210789 
210790 
210791 
210792 
210793 
210794 
210795 
210796 
210797 
210798 
210799 
210800 
210801 
210802 
210803 
210804 
210805 
210806 
210807 
210808 
210809 
210810 
210811 
210812 
210813 
210814 
210815 
210816 
210817 
210818 
210819 
210820 
210821 
210822 
210823 
210824 
210825 
210826 
210827 
210828 
210829 
210830 
210831 
210832 
210833 
210834 
210835 
210836 
210837 
210838 
210839 
210840 
210841 
210842 
210843 
210844 
210845 
210846 
210847 
210848 
210849 
210850 
210851 
210852 
210853 
210854 
210855 
210856 
210857 
210858 
210859 
210860 
210861 
210862 
210863 
210864 
210865 
210866 
210867 
210868 
210869 
210870 
210871 
210872 
210873 
210874 
210875 
210876 
210877 
210878 
210879 
210880 
210881 
210882 
210883 
210884 
210885 
210886 
210887 
210888 
210889 
210890 
210891 
210892 
210893 
210894 
210895 
210896 
210897 
210898 
210899 
210900 
210902 
210904 
210905 
210906 
210907 
210908 
210909 
210910 
210911 
210912 
210913 
210914 
210915 
210916 
210917 
210918 
210919 
210920 
210921 
210922 
210923 
210924 
210925 
210926 
210927 
210928 
210929 
210930 
210931 
210932 
210933 
210934 
210935 
210936 
210937 
210938 
210939 
210940 
210941 
210942 
210943 
210944 
210945 
210946 
210947 
210948 
210949 
210950 
210951 
210952 
210953 
210954 
210955 
210956 
210957 
210958 
210959 
210960 
210961 
210962 
210963 
210964 
210965 
210966 
210967 
210968 
210969 
210970 
210971 
210972 
210973 
210974 
210975 
210976 
210977 
210978 
210979 
210980 
210981 
210982 
210983 
210984 
210985 
210986 
210987 
210988 
210989 
210990 
210991 
210992 
210993 
210994 
210995 
210996 
210997 
210998 
210999 
211000 
211001 
211002 
211003 
211004 
211005 
211006 
211007 
211008 
211009 
211010 
211011 
211012 
211013 
211014 
211015 
211016 
211017 
211018 
211019 
211020 
211021 
211022 
211024 
211026 
211027 
211028 
211029 
211030 
211031 
211032 
211033 
211034 
211035 
211036 
211037 
211038 
211039 
211040 
211041 
211042 
211043 
211044 
211045 
211046 
211047 
211048 
211049 
211050 
211051 
211052 
211053 
211054 
211055 
211056 
211057 
211058 
211059 
211060 
211061 
211062 
211063 
211064 
211065 
211066 
211067 
211068 
211069 
211070 
211071 
211072 
211073 
211074 
211075 
211076 
211077 
211078 
211079 
211080 
211081 
211082 
211083 
211084 
211085 
211086 
211087 
211088 
211089 
211090 
211091 
211092 
211093 
211094 
211095 
211096 
211097 
211098 
211099 
211100 
211101 
211102 
211103 
211104 
211105 
211106 
211107 
211108 
211109 
211110 
211111 
211112 
211113 
211114 
211115 
211116 
211117 
211118 
211119 
211120 
211121 
211122 
211123 
211124 
211125 
211126 
211127 
211128 
211129 
211130 
211131 
211132 
211133 
211134 
211135 
211136 
211137 
211138 
211139 
211140 
211141 
211142 
211143 
211144 
211146 
211148 
211149 
211150 
211151 
211152 
211153 
211154 
211155 
211156 
211157 
211158 
211159 
211160 
211161 
211162 
211163 
211164 
211165 
211166 
211167 
211168 
211169 
211170 
211171 
211172 
211173 
211174 
211175 
211176 
211177 
211178 
211179 
211180 
211181 
211182 
211183 
211184 
211185 
211186 
211187 
211188 
211189 
211190 
211191 
211192 
211193 
211194 
211195 
211196 
211197 
211198 
211199 
211200 
211201 
211202 
211203 
211204 
211205 
211206 
211207 
211208 
211209 
211210 
211211 
211212 
211213 
211214 
211215 
211216 
211217 
211218 
211219 
211220 
211221 
211222 
211223 
211224 
211225 
211226 
211227 
211228 
211229 
211230 
211231 
211232 
211233 
211234 
211235 
211236 
211237 
211238 
211239 
211240 
211241 
211242 
211243 
211244 
211245 
211246 
211247 
211248 
211249 
211250 
211251 
211252 
211253 
211254 
211255 
211256 
211257 
211258 
211259 
211260 
211261 
211262 
211263 
211264 
211265 
211266 
211268 
211270 
211271 
211272 
211273 
211274 
211275 
211276 
211277 
211278 
211279 
211280 
211281 
211282 
211283 
211284 
211285 
211286 
211287 
211288 
211289 
211290 
211291 
211292 
211293 
211294 
211295 
211296 
211297 
211298 
211299 
211300 
211301 
211302 
211303 
211304 
211305 
211306 
211307 
211308 
211309 
211310 
211311 
211312 
211313 
211314 
211315 
211316 
211317 
211318 
211319 
211320 
211321 
211322 
211323 
211324 
211325 
211326 
211327 
211328 
211329 
211330 
211331 
211332 
211333 
211334 
211335 
211336 
211337 
211338 
211339 
211340 
211341 
211342 
211343 
211344 
211345 
211346 
211347 
211348 
211349 
211350 
211351 
211352 
211353 
211354 
211355 
211356 
211357 
211358 
211359 
211360 
211361 
211362 
211363 
211364 
211365 
211366 
211367 
211368 
211369 
211370 
211371 
211372 
211373 
211374 
211375 
211376 
211377 
211378 
211379 
211380 
211381 
211382 
211383 
211384 
211385 
211386 
211387 
211388 
211390 
211392 
211393 
211394 
211395 
211396 
211397 
211398 
211399 
211400 
211401 
211402 
211403 
211404 
211405 
211406 
211407 
211408 
211409 
211410 
211411 
211412 
211413 
211414 
211415 
211416 
211417 
211418 
211419 
211420 
211421 
211422 
211423 
211424 
211425 
211426 
211427 
211428 
211429 
211430 
211431 
211432 
211433 
211434 
211435 
211436 
211437 
211438 
211439 
211440 
211441 
211442 
211443 
211444 
211445 
211446 
211447 
211448 
211449 
211450 
211451 
211452 
211453 
211454 
211455 
211456 
211457 
211458 
211459 
211460 
211461 
211462 
211463 
211464 
211465 
211466 
211467 
211468 
211469 
211470 
211471 
211472 
211473 
211474 
211475 
211476 
211477 
211478 
211479 
211480 
211481 
211482 
211483 
211484 
211485 
211486 
211487 
211488 
211489 
211490 
211491 
211492 
211493 
211494 
211495 
211496 
211497 
211498 
211499 
211500 
211501 
211502 
211503 
211504 
211505 
211506 
211507 
211508 
211509 
211510 
211512 
211514 
211515 
211516 
211517 
211518 
211519 
211520 
211521 
211522 
211523 
211524 
211525 
211526 
211527 
211528 
211529 
211530 
211531 
211532 
211533 
211534 
211535 
211536 
211537 
211538 
211539 
211540 
211541 
211542 
211543 
211544 
211545 
211546 
211547 
211548 
211549 
211550 
211551 
211552 
211553 
211554 
211555 
211556 
211557 
211558 
211559 
211560 
211561 
211562 
211563 
211564 
211565 
211566 
211567 
211568 
211569 
211570 
211571 
211572 
211573 
211574 
211575 
211576 
211577 
211578 
211579 
211580 
211581 
211582 
211583 
211584 
211585 
211586 
211587 
211588 
211589 
211590 
211591 
211592 
211593 
211594 
211595 
211596 
211597 
211598 
211599 
211600 
211601 
211602 
211603 
211604 
211605 
211606 
211607 
211608 
211609 
211610 
211611 
211612 
211613 
211614 
211615 
211616 
211617 
211618 
211619 
211620 
211621 
211622 
211623 
211624 
211625 
211626 
211627 
211628 
211629 
211630 
211631 
211632 
211634 
211636 
211637 
211638 
211639 
211640 
211641 
211642 
211643 
211644 
211645 
211646 
211647 
211648 
211649 
211650 
211651 
211652 
211653 
211654 
211655 
211656 
211657 
211658 
211659 
211660 
211661 
211662 
211663 
211664 
211665 
211666 
211667 
211668 
211669 
211670 
211671 
211672 
211673 
211674 
211675 
211676 
211677 
211678 
211679 
211680 
211681 
211682 
211683 
211684 
211685 
211686 
211687 
211688 
211689 
211690 
211691 
211692 
211693 
211694 
211695 
211696 
211697 
211698 
211699 
211700 
211701 
211702 
211703 
211704 
211705 
211706 
211707 
211708 
211709 
211710 
211711 
211712 
211713 
211714 
211715 
211716 
211717 
211718 
211719 
211720 
211721 
211722 
211723 
211724 
211725 
211726 
211727 
211728 
211729 
211730 
211731 
211732 
211733 
211734 
211735 
211736 
211737 
211738 
211739 
211740 
211741 
211742 
211743 
211744 
211745 
211746 
211747 
211748 
211749 
211750 
211751 
211752 
211753 
211754 
211756 
211758 
211759 
211760 
211761 
211762 
211763 
211764 
211765 
211766 
211767 
211768 
211769 
211770 
211771 
211772 
211773 
211774 
211775 
211776 
211777 
211778 
211779 
211780 
211781 
211782 
211783 
211784 
211785 
211786 
211787 
211788 
211789 
211790 
211791 
211792 
211793 
211794 
211795 
211796 
211797 
211798 
211799 
211800 
211801 
211802 
211803 
211804 
211805 
211806 
211807 
211808 
211809 
211810 
211811 
211812 
211813 
211814 
211815 
211816 
211817 
211818 
211819 
211820 
211821 
211822 
211823 
211824 
211825 
211826 
211827 
211828 
211829 
211830 
211831 
211832 
211833 
211834 
211835 
211836 
211837 
211838 
211839 
211840 
211841 
211842 
211843 
211844 
211845 
211846 
211847 
211848 
211849 
211850 
211851 
211852 
211853 
211854 
211855 
211856 
211857 
211858 
211859 
211860 
211861 
211862 
211863 
211864 
211865 
211866 
211867 
211868 
211869 
211870 
211871 
211872 
211873 
211874 
211875 
211876 
211878 
211880 
211881 
211882 
211883 
211884 
211885 
211886 
211887 
211888 
211889 
211890 
211891 
211892 
211893 
211894 
211895 
211896 
211897 
211898 
211899 
211900 
211901 
211902 
211903 
211904 
211905 
211906 
211907 
211908 
211909 
211910 
211911 
211912 
211913 
211914 
211915 
211916 
211917 
211918 
211919 
211920 
211921 
211922 
211923 
211924 
211925 
211926 
211927 
211928 
211929 
211930 
211931 
211932 
211933 
211934 
211935 
211936 
211937 
211938 
211939 
211940 
211941 
211942 
211943 
211944 
211945 
211946 
211947 
211948 
211949 
211950 
211951 
211952 
211953 
211954 
211955 
211956 
211957 
211958 
211959 
211960 
211961 
211962 
211963 
211964 
211965 
211966 
211967 
211968 
211969 
211970 
211971 
211972 
211973 
211974 
211975 
211976 
211977 
211978 
211979 
211980 
211981 
211982 
211983 
211984 
211985 
211986 
211987 
211988 
211989 
211990 
211991 
211992 
211993 
211994 
211995 
211996 
211997 
211998 
212000 
212002 
212003 
212004 
212005 
212006 
212007 
212008 
212009 
212010 
212011 
212012 
212013 
212014 
212015 
212016 
212017 
212018 
212019 
212020 
212021 
212022 
212023 
212024 
212025 
212026 
212027 
212028 
212029 
212030 
212031 
212032 
212033 
212034 
212035 
212036 
212037 
212038 
212039 
212040 
212041 
212042 
212043 
212044 
212045 
212046 
212047 
212048 
212049 
212050 
212051 
212052 
212053 
212054 
212055 
212056 
212057 
212058 
212059 
212060 
212061 
212062 
212063 
212064 
212065 
212066 
212067 
212068 
212069 
212070 
212071 
212072 
212073 
212074 
212075 
212076 
212077 
212078 
212079 
212080 
212081 
212082 
212083 
212084 
212085 
212086 
212087 
212088 
212089 
212090 
212091 
212092 
212093 
212094 
212095 
212096 
212097 
212098 
212099 
212100 
212101 
212102 
212103 
212104 
212105 
212106 
212107 
212108 
212109 
212110 
212111 
212112 
212113 
212114 
212115 
212116 
212117 
212118 
212119 
212120 
212122 
212124 
212125 
212126 
212127 
212128 
212129 
212130 
212131 
212132 
212133 
212134 
212135 
212136 
212137 
212138 
212139 
212140 
212141 
212142 
212143 
212144 
212145 
212146 
212147 
212148 
212149 
212150 
212151 
212152 
212153 
212154 
212155 
212156 
212157 
212158 
212159 
212160 
212161 
212162 
212163 
212164 
212165 
212166 
212167 
212168 
212169 
212170 
212171 
212172 
212173 
212174 
212175 
212176 
212177 
212178 
212179 
212180 
212181 
212182 
212183 
212184 
212185 
212186 
212187 
212188 
212189 
212190 
212191 
212192 
212193 
212194 
212195 
212196 
212197 
212198 
212200 
212201 
212202 
212203 
212204 
212205 
212206 
212207 
212208 
212209 
212210 
212211 
212212 
212213 
212214 
212215 
212216 
212217 
212218 
212219 
212220 
212221 
212222 
212223 
212224 
212225 
212226 
212227 
212228 
212229 
212230 
212231 
212232 
212233 
212234 
212235 
212236 
212237 
212238 
212239 
212240 
212241 
212242 
212244 
212246 
212247 
212248 
212249 
212250 
212251 
212252 
212253 
212254 
212255 
212256 
212257 
212258 
212259 
212260 
212261 
212262 
212263 
212264 
212265 
212266 
212267 
212268 
212269 
212270 
212271 
212272 
212273 
212274 
212275 
212276 
212277 
212278 
212279 
212280 
212281 
212282 
212283 
212284 
212285 
212286 
212287 
212288 
212289 
212290 
212291 
212292 
212293 
212294 
212295 
212296 
212297 
212298 
212299 
212300 
212301 
212302 
212303 
212304 
212305 
212306 
212307 
212308 
212309 
212310 
212311 
212312 
212313 
212314 
212315 
212316 
212317 
212318 
212319 
212320 
212321 
212322 
212323 
212324 
212325 
212326 
212327 
212328 
212329 
212330 
212331 
212332 
212333 
212334 
212335 
212336 
212337 
212338 
212339 
212340 
212341 
212342 
212343 
212344 
212345 
212346 
212347 
212348 
212349 
212350 
212351 
212352 
212353 
212354 
212355 
212356 
212357 
212358 
212359 
212360 
212361 
212362 
212363 
212364 
212366 
212368 
212369 
212370 
212371 
212372 
212373 
212374 
212375 
212376 
212377 
212378 
212379 
212380 
212381 
212382 
212383 
212384 
212385 
212386 
212387 
212388 
212389 
212390 
212391 
212392 
212393 
212394 
212395 
212396 
212397 
212398 
212399 
212400 
212401 
212402 
212403 
212404 
212405 
212406 
212407 
212408 
212409 
212410 
212411 
212412 
212413 
212414 
212415 
212416 
212417 
212418 
212419 
212420 
212421 
212422 
212423 
212424 
212425 
212426 
212427 
212428 
212429 
212430 
212431 
212432 
212433 
212434 
212435 
212436 
212437 
212438 
212439 
212440 
212441 
212442 
212443 
212444 
212445 
212446 
212447 
212448 
212449 
212450 
212451 
212452 
212453 
212454 
212455 
212456 
212457 
212458 
212459 
212460 
212461 
212462 
212463 
212464 
212465 
212466 
212467 
212468 
212469 
212470 
212471 
212472 
212473 
212474 
212475 
212476 
212477 
212478 
212479 
212480 
212481 
212482 
212483 
212484 
212485 
212486 
212488 
212490 
212491 
212492 
212493 
212494 
212495 
212496 
212497 
212498 
212499 
212500 
212501 
212502 
212503 
212504 
212505 
212506 
212507 
212508 
212509 
212510 
212511 
212512 
212513 
212514 
212515 
212516 
212517 
212518 
212519 
212520 
212521 
212522 
212523 
212524 
212525 
212526 
212527 
212528 
212529 
212530 
212531 
212532 
212533 
212534 
212535 
212536 
212537 
212538 
212539 
212540 
212541 
212542 
212543 
212544 
212545 
212546 
212547 
212548 
212549 
212550 
212551 
212552 
212553 
212554 
212555 
212556 
212557 
212558 
212559 
212560 
212561 
212562 
212563 
212564 
212565 
212566 
212567 
212568 
212569 
212570 
212571 
212572 
212573 
212574 
212575 
212576 
212577 
212578 
212579 
212580 
212581 
212582 
212583 
212584 
212585 
212586 
212587 
212588 
212589 
212590 
212591 
212592 
212593 
212594 
212595 
212596 
212597 
212598 
212599 
212600 
212601 
212602 
212603 
212604 
212605 
212606 
212607 
212608 
212610 
212612 
212613 
212614 
212615 
212616 
212617 
212618 
212619 
212620 
212621 
212622 
212623 
212624 
212625 
212626 
212627 
212628 
212629 
212630 
212631 
212632 
212633 
212634 
212635 
212636 
212637 
212638 
212639 
212640 
212641 
212642 
212643 
212644 
212645 
212646 
212647 
212648 
212649 
212650 
212651 
212652 
212653 
212654 
212655 
212656 
212657 
212658 
212659 
212660 
212661 
212662 
212663 
212664 
212665 
212666 
212667 
212668 
212669 
212670 
212671 
212672 
212673 
212674 
212675 
212676 
212677 
212678 
212679 
212680 
212681 
212682 
212683 
212684 
212685 
212686 
212687 
212688 
212689 
212690 
212691 
212692 
212693 
212694 
212695 
212696 
212697 
212698 
212699 
212700 
212701 
212702 
212703 
212704 
212705 
212706 
212707 
212708 
212709 
212710 
212711 
212712 
212713 
212714 
212715 
212716 
212717 
212718 
212719 
212720 
212721 
212722 
212723 
212724 
212725 
212726 
212727 
212728 
212729 
212730 
212732 
212734 
212735 
212736 
212737 
212738 
212739 
212740 
212741 
212742 
212743 
212744 
212745 
212746 
212747 
212748 
212749 
212750 
212751 
212752 
212753 
212754 
212755 
212756 
212757 
212758 
212759 
212760 
212761 
212762 
212763 
212764 
212765 
212766 
212767 
212768 
212769 
212770 
212771 
212772 
212773 
212774 
212775 
212776 
212777 
212778 
212779 
212780 
212781 
212782 
212783 
212784 
212785 
212786 
212787 
212788 
212789 
212790 
212791 
212792 
212793 
212794 
212795 
212796 
212797 
212798 
212799 
212800 
212801 
212802 
212803 
212804 
212805 
212806 
212807 
212808 
212809 
212810 
212811 
212812 
212813 
212814 
212815 
212816 
212817 
212818 
212819 
212820 
212821 
212822 
212823 
212824 
212825 
212826 
212827 
212828 
212829 
212830 
212831 
212832 
212833 
212834 
212835 
212836 
212837 
212838 
212839 
212840 
212841 
212842 
212843 
212844 
212845 
212846 
212847 
212848 
212849 
212850 
212851 
212852 
212854 
212856 
212857 
212858 
212859 
212860 
212861 
212862 
212863 
212864 
212865 
212866 
212867 
212868 
212869 
212870 
212871 
212872 
212873 
212874 
212875 
212876 
212877 
212878 
212879 
212880 
212881 
212882 
212883 
212884 
212885 
212886 
212887 
212888 
212889 
212890 
212891 
212892 
212893 
212894 
212895 
212896 
212897 
212898 
212899 
212900 
212901 
212902 
212903 
212904 
212905 
212906 
212907 
212908 
212909 
212910 
212911 
212912 
212913 
212914 
212915 
212916 
212917 
212918 
212919 
212920 
212921 
212922 
212923 
212924 
212925 
212926 
212927 
212928 
212929 
212930 
212931 
212932 
212933 
212934 
212935 
212936 
212937 
212938 
212939 
212940 
212941 
212942 
212943 
212944 
212945 
212946 
212947 
212948 
212949 
212950 
212951 
212952 
212953 
212954 
212955 
212956 
212957 
212958 
212959 
212960 
212961 
212962 
212963 
212964 
212965 
212966 
212967 
212968 
212969 
212970 
212971 
212972 
212973 
212974 
212976 
212978 
212979 
212980 
212981 
212982 
212983 
212984 
212985 
212986 
212987 
212988 
212989 
212990 
212991 
212992 
212993 
212994 
212995 
212996 
212997 
212998 
212999 
213000 
213001 
213002 
213003 
213004 
213005 
213006 
213007 
213008 
213009 
213010 
213011 
213012 
213013 
213014 
213015 
213016 
213017 
213018 
213019 
213020 
213021 
213022 
213023 
213024 
213025 
213026 
213027 
213028 
213029 
213030 
213031 
213032 
213033 
213034 
213035 
213036 
213037 
213038 
213039 
213040 
213041 
213042 
213043 
213044 
213045 
213046 
213047 
213048 
213049 
213051 
213052 
213053 
213054 
213055 
213056 
213057 
213058 
213059 
213060 
213061 
213062 
213063 
213064 
213065 
213066 
213067 
213068 
213069 
213070 
213071 
213072 
213073 
213074 
213075 
213076 
213077 
213078 
213079 
213080 
213081 
213082 
213083 
213084 
213085 
213086 
213087 
213088 
213089 
213090 
213091 
213092 
213093 
213094 
213095 
213096 
213098 
213100 
213101 
213102 
213103 
213104 
213105 
213106 
213107 
213108 
213109 
213110 
213111 
213112 
213113 
213114 
213115 
213116 
213117 
213118 
213119 
213120 
213121 
213122 
213123 
213124 
213125 
213126 
213127 
213128 
213129 
213130 
213131 
213132 
213133 
213134 
213135 
213136 
213137 
213138 
213139 
213140 
213141 
213142 
213143 
213144 
213145 
213146 
213147 
213148 
213149 
213150 
213151 
213152 
213153 
213154 
213155 
213156 
213157 
213158 
213159 
213160 
213161 
213162 
213163 
213164 
213165 
213166 
213167 
213168 
213169 
213170 
213171 
213172 
213173 
213174 
213175 
213176 
213177 
213178 
213179 
213180 
213181 
213182 
213183 
213184 
213185 
213186 
213187 
213188 
213189 
213190 
213191 
213192 
213193 
213194 
213195 
213196 
213197 
213198 
213199 
213200 
213201 
213202 
213203 
213204 
213205 
213206 
213207 
213208 
213209 
213210 
213211 
213212 
213213 
213214 
213215 
213216 
213217 
213218 
213220 
213222 
213223 
213224 
213225 
213226 
213227 
213228 
213229 
213230 
213231 
213232 
213233 
213234 
213235 
213236 
213237 
213238 
213239 
213240 
213241 
213242 
213243 
213244 
213245 
213246 
213247 
213248 
213249 
213250 
213251 
213252 
213253 
213254 
213255 
213256 
213257 
213258 
213259 
213260 
213261 
213262 
213263 
213264 
213265 
213266 
213267 
213268 
213269 
213270 
213271 
213272 
213273 
213274 
213275 
213276 
213277 
213278 
213279 
213280 
213281 
213282 
213283 
213284 
213285 
213286 
213287 
213288 
213289 
213290 
213291 
213292 
213293 
213294 
213295 
213296 
213297 
213298 
213299 
213300 
213301 
213302 
213303 
213304 
213305 
213306 
213307 
213308 
213309 
213310 
213311 
213312 
213313 
213314 
213315 
213316 
213317 
213318 
213319 
213320 
213321 
213322 
213323 
213324 
213325 
213326 
213327 
213328 
213329 
213330 
213331 
213332 
213333 
213334 
213335 
213336 
213337 
213338 
213339 
213340 
213342 
213344 
213345 
213346 
213347 
213348 
213349 
213350 
213351 
213352 
213353 
213354 
213355 
213356 
213357 
213358 
213359 
213360 
213361 
213362 
213363 
213364 
213365 
213366 
213367 
213368 
213369 
213370 
213371 
213372 
213373 
213374 
213375 
213376 
213377 
213378 
213379 
213380 
213381 
213382 
213383 
213384 
213385 
213386 
213387 
213388 
213389 
213390 
213391 
213392 
213393 
213394 
213395 
213396 
213397 
213398 
213399 
213400 
213401 
213402 
213403 
213404 
213405 
213406 
213407 
213408 
213409 
213410 
213411 
213412 
213413 
213414 
213415 
213416 
213417 
213418 
213419 
213420 
213421 
213422 
213423 
213424 
213425 
213426 
213427 
213428 
213429 
213430 
213431 
213432 
213433 
213434 
213435 
213436 
213437 
213438 
213439 
213440 
213441 
213442 
213443 
213444 
213445 
213446 
213447 
213448 
213449 
213450 
213451 
213452 
213453 
213454 
213455 
213456 
213457 
213458 
213459 
213460 
213461 
213462 
213464 
213466 
213467 
213468 
213469 
213470 
213471 
213472 
213473 
213474 
213475 
213476 
213477 
213478 
213479 
213480 
213481 
213482 
213483 
213484 
213485 
213486 
213487 
213488 
213489 
213490 
213491 
213492 
213493 
213494 
213495 
213496 
213497 
213498 
213499 
213500 
213501 
213502 
213503 
213504 
213505 
213506 
213507 
213508 
213509 
213510 
213511 
213512 
213513 
213514 
213515 
213516 
213517 
213518 
213519 
213520 
213521 
213522 
213523 
213524 
213525 
213526 
213527 
213528 
213529 
213530 
213531 
213532 
213533 
213534 
213535 
213536 
213537 
213538 
213539 
213540 
213541 
213542 
213543 
213544 
213545 
213546 
213547 
213548 
213549 
213550 
213551 
213552 
213553 
213554 
213555 
213556 
213557 
213558 
213559 
213560 
213561 
213562 
213563 
213564 
213565 
213566 
213567 
213568 
213569 
213570 
213571 
213572 
213573 
213574 
213575 
213576 
213577 
213578 
213579 
213580 
213581 
213582 
213583 
213584 
213586 
213588 
213589 
213590 
213591 
213592 
213593 
213594 
213595 
213596 
213597 
213598 
213599 
213600 
213601 
213602 
213603 
213604 
213605 
213606 
213607 
213608 
213609 
213610 
213611 
213612 
213613 
213614 
213615 
213616 
213617 
213618 
213619 
213620 
213621 
213622 
213623 
213624 
213625 
213626 
213627 
213628 
213629 
213630 
213631 
213632 
213633 
213634 
213635 
213636 
213637 
213638 
213639 
213640 
213641 
213642 
213643 
213644 
213645 
213646 
213647 
213648 
213649 
213650 
213651 
213652 
213653 
213654 
213655 
213656 
213657 
213658 
213659 
213660 
213661 
213662 
213663 
213664 
213665 
213666 
213667 
213668 
213669 
213670 
213671 
213672 
213673 
213674 
213675 
213676 
213677 
213678 
213679 
213680 
213681 
213682 
213683 
213684 
213685 
213686 
213687 
213688 
213689 
213690 
213691 
213692 
213693 
213694 
213695 
213696 
213697 
213698 
213699 
213700 
213701 
213702 
213703 
213704 
213705 
213706 
213708 
213710 
213711 
213712 
213713 
213714 
213715 
213716 
213717 
213718 
213719 
213720 
213721 
213722 
213723 
213724 
213725 
213726 
213727 
213728 
213729 
213730 
213731 
213732 
213733 
213734 
213735 
213736 
213737 
213738 
213739 
213740 
213741 
213742 
213743 
213744 
213745 
213746 
213747 
213748 
213749 
213750 
213751 
213752 
213753 
213754 
213755 
213756 
213757 
213758 
213759 
213760 
213761 
213762 
213763 
213764 
213765 
213766 
213767 
213768 
213769 
213770 
213771 
213772 
213773 
213774 
213775 
213776 
213777 
213778 
213779 
213780 
213781 
213782 
213783 
213784 
213785 
213786 
213787 
213788 
213789 
213790 
213791 
213792 
213793 
213794 
213795 
213796 
213797 
213798 
213799 
213800 
213801 
213802 
213803 
213804 
213805 
213806 
213807 
213808 
213809 
213810 
213811 
213812 
213813 
213814 
213815 
213816 
213817 
213818 
213819 
213820 
213821 
213822 
213823 
213824 
213825 
213826 
213827 
213828 
213830 
213832 
213833 
213834 
213835 
213836 
213837 
213838 
213839 
213840 
213841 
213842 
213843 
213844 
213845 
213846 
213847 
213848 
213849 
213850 
213851 
213852 
213853 
213854 
213855 
213856 
213857 
213858 
213859 
213860 
213861 
213862 
213863 
213864 
213865 
213866 
213867 
213868 
213869 
213870 
213871 
213872 
213873 
213874 
213875 
213876 
213877 
213878 
213879 
213880 
213881 
213882 
213883 
213884 
213885 
213886 
213887 
213888 
213889 
213890 
213891 
213892 
213893 
213894 
213895 
213896 
213897 
213898 
213899 
213900 
213901 
213902 
213903 
213904 
213905 
213906 
213907 
213908 
213909 
213910 
213911 
213912 
213913 
213914 
213915 
213916 
213917 
213918 
213919 
213920 
213921 
213922 
213923 
213924 
213925 
213926 
213927 
213928 
213929 
213930 
213931 
213932 
213933 
213934 
213935 
213936 
213937 
213938 
213939 
213940 
213941 
213942 
213943 
213944 
213945 
213946 
213947 
213948 
213949 
213950 
213952 
213954 
213955 
213956 
213957 
213958 
213959 
213960 
213961 
213962 
213963 
213964 
213965 
213966 
213967 
213968 
213969 
213970 
213971 
213972 
213973 
213974 
213975 
213976 
213977 
213978 
213979 
213980 
213981 
213982 
213983 
213984 
213985 
213986 
213987 
213988 
213989 
213990 
213991 
213992 
213993 
213994 
213995 
213996 
213997 
213998 
213999 
214000 
214001 
214002 
214003 
214004 
214005 
214006 
214007 
214008 
214009 
214010 
214011 
214012 
214013 
214014 
214015 
214016 
214017 
214018 
214019 
214020 
214021 
214022 
214023 
214024 
214025 
214026 
214027 
214028 
214029 
214030 
214031 
214032 
214033 
214034 
214035 
214036 
214037 
214038 
214039 
214040 
214041 
214042 
214043 
214044 
214045 
214046 
214047 
214048 
214049 
214050 
214051 
214052 
214053 
214054 
214055 
214056 
214057 
214058 
214059 
214060 
214061 
214062 
214063 
214064 
214065 
214066 
214067 
214068 
214069 
214070 
214071 
214072 
214074 
214076 
214077 
214078 
214079 
214080 
214081 
214082 
214083 
214084 
214085 
214086 
214087 
214088 
214089 
214090 
214091 
214092 
214093 
214094 
214095 
214096 
214097 
214098 
214099 
214100 
214101 
214102 
214103 
214104 
214105 
214106 
214107 
214108 
214109 
214110 
214111 
214112 
214113 
214114 
214115 
214116 
214117 
214118 
214119 
214120 
214121 
214122 
214123 
214124 
214125 
214126 
214127 
214128 
214129 
214130 
214131 
214132 
214133 
214134 
214135 
214136 
214137 
214138 
214139 
214140 
214141 
214142 
214143 
214144 
214145 
214146 
214147 
214148 
214149 
214150 
214151 
214152 
214153 
214154 
214155 
214156 
214157 
214158 
214159 
214160 
214161 
214162 
214163 
214164 
214165 
214166 
214167 
214168 
214169 
214170 
214171 
214172 
214173 
214174 
214175 
214176 
214177 
214178 
214179 
214180 
214181 
214182 
214183 
214184 
214185 
214186 
214187 
214188 
214189 
214190 
214191 
214192 
214193 
214194 
214196 
214198 
214199 
214200 
214201 
214202 
214203 
214204 
214205 
214206 
214207 
214208 
214209 
214210 
214211 
214212 
214213 
214214 
214215 
214216 
214217 
214218 
214219 
214220 
214221 
214222 
214223 
214224 
214225 
214226 
214227 
214228 
214229 
214230 
214231 
214232 
214233 
214234 
214235 
214236 
214237 
214238 
214239 
214240 
214241 
214242 
214243 
214244 
214245 
214246 
214247 
214248 
214249 
214250 
214251 
214252 
214253 
214254 
214255 
214256 
214257 
214258 
214259 
214260 
214261 
214262 
214263 
214264 
214265 
214266 
214267 
214268 
214269 
214270 
214271 
214272 
214273 
214274 
214275 
214276 
214277 
214278 
214279 
214280 
214281 
214282 
214283 
214284 
214285 
214286 
214287 
214288 
214289 
214290 
214291 
214292 
214293 
214294 
214295 
214296 
214297 
214298 
214299 
214300 
214301 
214302 
214303 
214304 
214305 
214306 
214307 
214308 
214309 
214310 
214311 
214312 
214313 
214314 
214315 
214316 
214318 
214319 
214321 
214322 
214323 
214324 
214325 
214326 
214327 
214328 
214329 
214330 
214331 
214332 
214333 
214334 
214335 
214336 
214337 
214338 
214339 
214340 
214341 
214342 
214343 
214344 
214345 
214346 
214347 
214348 
214349 
214350 
214351 
214352 
214353 
214354 
214355 
214356 
214357 
214358 
214359 
214360 
214361 
214362 
214363 
214364 
214365 
214366 
214367 
214368 
214369 
214370 
214371 
214372 
214373 
214374 
214375 
214376 
214377 
214378 
214379 
214380 
214381 
214382 
214383 
214384 
214385 
214386 
214387 
214388 
214389 
214390 
214391 
214392 
214393 
214394 
214395 
214396 
214397 
214398 
214399 
214400 
214401 
214402 
214403 
214404 
214405 
214406 
214407 
214408 
214409 
214410 
214411 
214412 
214413 
214414 
214415 
214416 
214417 
214418 
214419 
214420 
214421 
214422 
214423 
214424 
214425 
214426 
214427 
214428 
214429 
214430 
214431 
214432 
214433 
214434 
214435 
214436 
214437 
214438 
214439 
214440 
214441 
214442 
214443 
214444 
214445 
214446 
214447 
214448 
214449 
214450 
214451 
214452 
214453 
214454 
214455 
214456 
214457 
214458 
214459 
214460 
214461 
214462 
214463 
214464 
214465 
214466 
214467 
214468 
214469 
214470 
214471 
214472 
214473 
214474 
214475 
214476 
214477 
214478 
214479 
214480 
214481 
214482 
214483 
214484 
214485 
214486 
214487 
214488 
214489 
214490 
214491 
214492 
214493 
214494 
214495 
214496 
214497 
214498 
214499 
214500 
214501 
214502 
214503 
214504 
214505 
214506 
214507 
214508 
214509 
214510 
214511 
214512 
214513 
214514 
214515 
214516 
214517 
214518 
214519 
214520 
214521 
214522 
214523 
214524 
214525 
214526 
214527 
214528 
214529 
214530 
214531 
214532 
214533 
214534 
214535 
214536 
214537 
214538 
214539 
214540 
214541 
214542 
214543 
214544 
214545 
214546 
214547 
214548 
214549 
214550 
214551 
214552 
214553 
214554 
214555 
214556 
214557 
214558 
214798 
214800 
214801 
214802 
214803 
214804 
214805 
214806 
214807 
214808 
214809 
214810 
214811 
214812 
214813 
214814 
214815 
214816 
214817 
214818 
214819 
214820 
214821 
214822 
214823 
214824 
214825 
214826 
214827 
214828 
214829 
214830 
214831 
214832 
214833 
214834 
214835 
214836 
214837 
214838 
214839 
214840 
214841 
214842 
214843 
214844 
214845 
214846 
214847 
214848 
214849 
214850 
214851 
214852 
214853 
214854 
214855 
214856 
214857 
214858 
214859 
214860 
214861 
214862 
214863 
214864 
214865 
214866 
214867 
214868 
214869 
214870 
214871 
214872 
214873 
214874 
214875 
214876 
214877 
214878 
214879 
214880 
214881 
214882 
214883 
214884 
214885 
214886 
214887 
214888 
214889 
214890 
214891 
214892 
214893 
214894 
214895 
214896 
214897 
214898 
214899 
214900 
214901 
214902 
214903 
214904 
214905 
214906 
214907 
214908 
214909 
214910 
214911 
214912 
214913 
214914 
214915 
214916 
214917 
214918 
215158 
215160 
215161 
215162 
215163 
215164 
215165 
215166 
215167 
215168 
215169 
215170 
215171 
215172 
215173 
215174 
215175 
215176 
215177 
215178 
215179 
215180 
215181 
215182 
215183 
215184 
215185 
215186 
215187 
215188 
215189 
215190 
215191 
215192 
215193 
215194 
215195 
215196 
215197 
215198 
215199 
215200 
215201 
215202 
215203 
215204 
215205 
215206 
215207 
215208 
215209 
215210 
215211 
215212 
215213 
215214 
215215 
215216 
215217 
215218 
215219 
215220 
215221 
215222 
215223 
215224 
215225 
215226 
215227 
215228 
215229 
215230 
215231 
215232 
215233 
215234 
215235 
215236 
215237 
215238 
215239 
215240 
215241 
215242 
215243 
215244 
215245 
215246 
215247 
215248 
215249 
215250 
215251 
215252 
215253 
215254 
215255 
215256 
215257 
215258 
215259 
215260 
215261 
215262 
215263 
215264 
215265 
215266 
215267 
215268 
215269 
215270 
215271 
215272 
215273 
215274 
215275 
215276 
215277 
215278 
215518 
215520 
215521 
215522 
215523 
215524 
215525 
215526 
215527 
215528 
215529 
215530 
215531 
215532 
215533 
215534 
215535 
215536 
215537 
215538 
215539 
215540 
215541 
215542 
215543 
215544 
215545 
215546 
215547 
215548 
215549 
215550 
215551 
215552 
215553 
215554 
215555 
215556 
215557 
215558 
215559 
215560 
215561 
215562 
215563 
215564 
215565 
215566 
215567 
215568 
215569 
215570 
215571 
215572 
215573 
215574 
215575 
215576 
215577 
215578 
215579 
215580 
215581 
215582 
215583 
215584 
215585 
215586 
215587 
215588 
215589 
215590 
215591 
215592 
215593 
215594 
215595 
215596 
215597 
215598 
215599 
215600 
215601 
215602 
215603 
215604 
215605 
215606 
215607 
215608 
215609 
215610 
215611 
215612 
215613 
215614 
215615 
215616 
215617 
215618 
215619 
215620 
215621 
215622 
215623 
215624 
215625 
215626 
215627 
215628 
215629 
215630 
215631 
215632 
215633 
215634 
215635 
215636 
215637 
215638 
215878 
215880 
215881 
215882 
215883 
215884 
215885 
215886 
215887 
215888 
215889 
215890 
215891 
215892 
215893 
215894 
215895 
215896 
215897 
215898 
215899 
215900 
215901 
215902 
215903 
215904 
215905 
215906 
215907 
215908 
215909 
215910 
215911 
215912 
215913 
215914 
215915 
215916 
215917 
215918 
215919 
215920 
215921 
215922 
215923 
215924 
215925 
215926 
215927 
215928 
215929 
215930 
215931 
215932 
215933 
215934 
215935 
215936 
215937 
215938 
215939 
215940 
215941 
215942 
215943 
215944 
215945 
215946 
215947 
215948 
215949 
215950 
215951 
215952 
215953 
215954 
215955 
215956 
215957 
215958 
215959 
215960 
215961 
215962 
215963 
215964 
215965 
215966 
215967 
215968 
215969 
215970 
215971 
215972 
215973 
215974 
215975 
215976 
215977 
215978 
215979 
215980 
215981 
215982 
215983 
215984 
215985 
215986 
215987 
215988 
215989 
215990 
215991 
215992 
215993 
215994 
215995 
215996 
215997 
215998 
216238 
216240 
216241 
216242 
216243 
216244 
216245 
216246 
216247 
216248 
216249 
216250 
216251 
216252 
216253 
216254 
216255 
216256 
216257 
216258 
216259 
216260 
216261 
216262 
216263 
216264 
216265 
216266 
216267 
216268 
216269 
216270 
216271 
216272 
216273 
216274 
216275 
216276 
216277 
216278 
216279 
216280 
216281 
216282 
216283 
216284 
216285 
216286 
216287 
216288 
216289 
216290 
216291 
216292 
216293 
216294 
216295 
216296 
216297 
216298 
216299 
216300 
216301 
216302 
216303 
216304 
216305 
216306 
216307 
216308 
216309 
216310 
216311 
216312 
216313 
216314 
216315 
216316 
216317 
216318 
216319 
216320 
216321 
216322 
216323 
216324 
216325 
216326 
216327 
216328 
216329 
216330 
216331 
216332 
216333 
216334 
216335 
216336 
216337 
216338 
216339 
216340 
216341 
216342 
216343 
216344 
216345 
216346 
216347 
216348 
216349 
216350 
216351 
216352 
216353 
216354 
216355 
216356 
216357 
216358 
216598 
216600 
216601 
216602 
216603 
216604 
216605 
216606 
216607 
216608 
216609 
216610 
216611 
216612 
216613 
216614 
216615 
216616 
216617 
216618 
216619 
216620 
216621 
216622 
216623 
216624 
216625 
216626 
216627 
216628 
216629 
216630 
216631 
216632 
216633 
216634 
216635 
216636 
216637 
216638 
216639 
216640 
216641 
216642 
216643 
216644 
216645 
216646 
216647 
216648 
216649 
216650 
216651 
216652 
216653 
216654 
216655 
216656 
216657 
216658 
216659 
216660 
216661 
216662 
216663 
216664 
216665 
216666 
216667 
216668 
216669 
216670 
216671 
216672 
216673 
216674 
216675 
216676 
216677 
216678 
216679 
216680 
216681 
216682 
216683 
216684 
216685 
216686 
216687 
216688 
216689 
216690 
216691 
216692 
216693 
216694 
216695 
216696 
216697 
216698 
216699 
216700 
216701 
216702 
216703 
216704 
216705 
216706 
216707 
216708 
216709 
216710 
216711 
216712 
216713 
216714 
216715 
216716 
216717 
216718 
216958 
216960 
216961 
216962 
216963 
216964 
216965 
216966 
216967 
216968 
216969 
216970 
216971 
216972 
216973 
216974 
216975 
216976 
216977 
216978 
216979 
216980 
216981 
216982 
216983 
216984 
216985 
216986 
216987 
216988 
216989 
216990 
216991 
216992 
216993 
216994 
216995 
216996 
216997 
216998 
216999 
217000 
217001 
217002 
217003 
217004 
217005 
217006 
217007 
217008 
217009 
217010 
217011 
217012 
217013 
217014 
217015 
217016 
217017 
217018 
217019 
217020 
217021 
217022 
217023 
217024 
217025 
217026 
217027 
217028 
217029 
217030 
217031 
217032 
217033 
217034 
217035 
217036 
217037 
217038 
217039 
217040 
217041 
217042 
217043 
217044 
217045 
217046 
217047 
217048 
217049 
217050 
217051 
217052 
217053 
217054 
217055 
217056 
217057 
217058 
217059 
217060 
217061 
217062 
217063 
217064 
217065 
217066 
217067 
217068 
217069 
217070 
217071 
217072 
217073 
217074 
217075 
217076 
217077 
217078 
217318 
217320 
217321 
217322 
217323 
217324 
217325 
217326 
217327 
217328 
217329 
217330 
217331 
217332 
217333 
217334 
217335 
217336 
217337 
217338 
217339 
217340 
217341 
217342 
217343 
217344 
217345 
217346 
217347 
217348 
217349 
217350 
217351 
217352 
217353 
217354 
217355 
217356 
217357 
217358 
217359 
217360 
217361 
217362 
217363 
217364 
217365 
217366 
217367 
217368 
217369 
217370 
217371 
217372 
217373 
217374 
217375 
217376 
217377 
217378 
217379 
217380 
217381 
217382 
217383 
217384 
217385 
217386 
217387 
217388 
217389 
217390 
217391 
217392 
217393 
217394 
217395 
217396 
217397 
217398 
217399 
217400 
217401 
217402 
217403 
217404 
217405 
217406 
217407 
217408 
217409 
217410 
217411 
217412 
217413 
217414 
217415 
217416 
217417 
217418 
217419 
217420 
217421 
217422 
217423 
217424 
217425 
217426 
217427 
217428 
217429 
217430 
217431 
217432 
217433 
217434 
217435 
217436 
217437 
217438 
224758 
224761 
224763 
224765 
224767 
224769 
224771 
224773 
224775 
224777 
224779 
224781 
224783 
224785 
224787 
224789 
224791 
224793 
224795 
224797 
224799 
224801 
224803 
224805 
224807 
224809 
224811 
224813 
224815 
224817 
224819 
224821 
224823 
224825 
224827 
224829 
224831 
224833 
224835 
224837 
224839 
224841 
224843 
224845 
224847 
224849 
224851 
224853 
224855 
224857 
224859 
224861 
224863 
224865 
224867 
224869 
224871 
224873 
224875 
224877 
224879 
224881 
224883 
224885 
224887 
224889 
224891 
224893 
224895 
224897 
224899 
224901 
224903 
224905 
224907 
224909 
224911 
224913 
224915 
224917 
224919 
224921 
224923 
224925 
224927 
224929 
224931 
224933 
224935 
224937 
224939 
224941 
224943 
224945 
224947 
224949 
224951 
224953 
224955 
224957 
224959 
224961 
224963 
224965 
224967 
224969 
224971 
224973 
224975 
224977 
224979 
224981 
224983 
224985 
224987 
224989 
224991 
224993 
224995 
224997 
)

// ************************************************************************* //
