/*--------------------------------*- C++ -*----------------------------------*\
| =========                 |                                                 |
| \\      /  F ield         | OpenFOAM: The Open Source CFD Toolbox           |
|  \\    /   O peration     | Version:  3.0.0                                 |
|   \\  /    A nd           | Web:      www.OpenFOAM.org                      |
|    \\/     M anipulation  |                                                 |
\*---------------------------------------------------------------------------*/
FoamFile
{
    version     2.0;
    format      ascii;
    class       faceSet;
    location    "constant/polyMesh/sets";
    object      Z0;
}
// * * * * * * * * * * * * * * * * * * * * * * * * * * * * * * * * * * * * * //


7200
(
217441 
217444 
217446 
217448 
217450 
217452 
217454 
217456 
217458 
217460 
217462 
217464 
217466 
217468 
217470 
217472 
217474 
217476 
217478 
217480 
217482 
217484 
217486 
217488 
217490 
217492 
217494 
217496 
217498 
217500 
217502 
217504 
217506 
217508 
217510 
217512 
217514 
217516 
217518 
217520 
217522 
217524 
217526 
217528 
217530 
217532 
217534 
217536 
217538 
217540 
217542 
217544 
217546 
217548 
217550 
217552 
217554 
217556 
217558 
217560 
217562 
217564 
217566 
217568 
217570 
217572 
217574 
217576 
217578 
217580 
217582 
217584 
217586 
217588 
217590 
217592 
217594 
217596 
217598 
217600 
217602 
217604 
217606 
217608 
217610 
217612 
217614 
217616 
217618 
217620 
217622 
217624 
217626 
217628 
217630 
217632 
217634 
217636 
217638 
217640 
217642 
217644 
217646 
217648 
217650 
217652 
217654 
217656 
217658 
217660 
217662 
217664 
217666 
217668 
217670 
217672 
217674 
217676 
217678 
217680 
217682 
217684 
217685 
217686 
217687 
217688 
217689 
217690 
217691 
217692 
217693 
217694 
217695 
217696 
217697 
217698 
217699 
217700 
217701 
217702 
217703 
217704 
217705 
217706 
217707 
217708 
217709 
217710 
217711 
217712 
217713 
217714 
217715 
217716 
217717 
217718 
217719 
217720 
217721 
217722 
217723 
217724 
217725 
217726 
217727 
217728 
217729 
217730 
217731 
217732 
217733 
217734 
217735 
217736 
217737 
217738 
217739 
217740 
217741 
217742 
217743 
217744 
217745 
217746 
217747 
217748 
217749 
217750 
217751 
217752 
217753 
217754 
217755 
217756 
217757 
217758 
217759 
217760 
217761 
217762 
217763 
217764 
217765 
217766 
217767 
217768 
217769 
217770 
217771 
217772 
217773 
217774 
217775 
217776 
217777 
217778 
217779 
217780 
217781 
217782 
217783 
217784 
217785 
217786 
217787 
217788 
217789 
217790 
217791 
217792 
217793 
217794 
217795 
217796 
217797 
217798 
217799 
217800 
217801 
217802 
217804 
217806 
217807 
217808 
217809 
217810 
217811 
217812 
217813 
217814 
217815 
217816 
217817 
217818 
217819 
217820 
217821 
217822 
217823 
217824 
217825 
217826 
217827 
217828 
217829 
217830 
217831 
217832 
217833 
217834 
217835 
217836 
217837 
217838 
217839 
217840 
217841 
217842 
217843 
217844 
217845 
217846 
217847 
217848 
217849 
217850 
217851 
217852 
217853 
217854 
217855 
217856 
217857 
217858 
217859 
217860 
217861 
217862 
217863 
217864 
217865 
217866 
217867 
217868 
217869 
217870 
217871 
217872 
217873 
217874 
217875 
217876 
217877 
217878 
217879 
217880 
217881 
217882 
217883 
217884 
217885 
217886 
217887 
217888 
217889 
217890 
217891 
217892 
217893 
217894 
217895 
217896 
217897 
217898 
217899 
217900 
217901 
217902 
217903 
217904 
217905 
217906 
217907 
217908 
217909 
217910 
217911 
217912 
217913 
217914 
217915 
217916 
217917 
217918 
217919 
217920 
217921 
217922 
217923 
217924 
217926 
217928 
217929 
217930 
217931 
217932 
217933 
217934 
217935 
217936 
217937 
217938 
217939 
217940 
217941 
217942 
217943 
217944 
217945 
217946 
217947 
217948 
217949 
217950 
217951 
217952 
217953 
217954 
217955 
217956 
217957 
217958 
217959 
217960 
217961 
217962 
217963 
217964 
217965 
217966 
217967 
217968 
217969 
217970 
217971 
217972 
217973 
217974 
217975 
217976 
217977 
217978 
217979 
217980 
217981 
217982 
217983 
217984 
217985 
217986 
217987 
217988 
217989 
217990 
217991 
217992 
217993 
217994 
217995 
217996 
217997 
217998 
217999 
218000 
218001 
218002 
218003 
218004 
218005 
218006 
218007 
218008 
218009 
218010 
218011 
218012 
218013 
218014 
218015 
218016 
218017 
218018 
218019 
218020 
218021 
218022 
218023 
218024 
218025 
218026 
218027 
218028 
218029 
218030 
218031 
218032 
218033 
218034 
218035 
218036 
218037 
218038 
218039 
218040 
218041 
218042 
218043 
218044 
218045 
218046 
218048 
218050 
218051 
218052 
218053 
218054 
218055 
218056 
218057 
218058 
218059 
218060 
218061 
218062 
218063 
218064 
218065 
218066 
218067 
218068 
218069 
218070 
218071 
218072 
218073 
218074 
218075 
218076 
218077 
218078 
218079 
218080 
218081 
218082 
218083 
218084 
218085 
218086 
218087 
218088 
218089 
218090 
218091 
218092 
218093 
218094 
218095 
218096 
218097 
218098 
218099 
218100 
218101 
218102 
218103 
218104 
218105 
218106 
218107 
218108 
218109 
218110 
218111 
218112 
218113 
218114 
218115 
218116 
218117 
218118 
218119 
218120 
218121 
218122 
218123 
218124 
218125 
218126 
218127 
218128 
218129 
218130 
218131 
218132 
218133 
218134 
218135 
218136 
218137 
218138 
218139 
218140 
218141 
218142 
218143 
218144 
218145 
218146 
218147 
218148 
218149 
218150 
218151 
218152 
218153 
218154 
218155 
218156 
218157 
218158 
218159 
218160 
218161 
218162 
218163 
218164 
218165 
218166 
218167 
218168 
218170 
218172 
218173 
218174 
218175 
218176 
218177 
218178 
218179 
218180 
218181 
218182 
218183 
218184 
218185 
218186 
218187 
218188 
218189 
218190 
218191 
218192 
218193 
218194 
218195 
218196 
218197 
218198 
218199 
218200 
218201 
218202 
218203 
218204 
218205 
218206 
218207 
218208 
218209 
218210 
218211 
218212 
218213 
218214 
218215 
218216 
218217 
218218 
218219 
218220 
218221 
218222 
218223 
218224 
218225 
218226 
218227 
218228 
218229 
218230 
218231 
218232 
218233 
218234 
218235 
218236 
218237 
218238 
218239 
218240 
218241 
218242 
218243 
218244 
218245 
218246 
218247 
218248 
218249 
218250 
218251 
218252 
218253 
218254 
218255 
218256 
218257 
218258 
218259 
218260 
218261 
218262 
218263 
218264 
218265 
218266 
218267 
218268 
218269 
218270 
218271 
218272 
218273 
218274 
218275 
218276 
218277 
218278 
218279 
218280 
218281 
218282 
218283 
218284 
218285 
218286 
218287 
218288 
218289 
218290 
218292 
218294 
218295 
218296 
218297 
218298 
218299 
218300 
218301 
218302 
218303 
218304 
218305 
218306 
218307 
218308 
218309 
218310 
218311 
218312 
218313 
218314 
218315 
218316 
218317 
218318 
218319 
218320 
218321 
218322 
218323 
218324 
218325 
218326 
218327 
218328 
218329 
218330 
218331 
218332 
218333 
218334 
218335 
218336 
218337 
218338 
218339 
218340 
218341 
218342 
218343 
218344 
218345 
218346 
218347 
218348 
218349 
218350 
218351 
218352 
218353 
218354 
218355 
218356 
218357 
218358 
218359 
218360 
218361 
218362 
218363 
218364 
218365 
218366 
218367 
218368 
218369 
218370 
218371 
218372 
218373 
218374 
218375 
218376 
218377 
218378 
218379 
218380 
218381 
218382 
218383 
218384 
218385 
218386 
218387 
218388 
218389 
218390 
218391 
218392 
218393 
218394 
218395 
218396 
218397 
218398 
218399 
218400 
218401 
218402 
218403 
218404 
218405 
218406 
218407 
218408 
218409 
218410 
218411 
218412 
218414 
218416 
218417 
218418 
218419 
218420 
218421 
218422 
218423 
218424 
218425 
218426 
218427 
218428 
218429 
218430 
218431 
218432 
218433 
218434 
218435 
218436 
218437 
218438 
218439 
218440 
218441 
218442 
218443 
218444 
218445 
218446 
218447 
218448 
218449 
218450 
218451 
218452 
218453 
218454 
218455 
218456 
218457 
218458 
218459 
218460 
218461 
218462 
218463 
218464 
218465 
218466 
218467 
218468 
218469 
218470 
218471 
218472 
218473 
218474 
218475 
218476 
218477 
218478 
218479 
218480 
218481 
218482 
218483 
218484 
218485 
218486 
218487 
218488 
218489 
218490 
218491 
218492 
218493 
218494 
218495 
218496 
218497 
218498 
218499 
218500 
218501 
218502 
218503 
218504 
218505 
218506 
218507 
218508 
218509 
218510 
218511 
218512 
218513 
218514 
218515 
218516 
218517 
218518 
218519 
218520 
218521 
218522 
218523 
218524 
218525 
218526 
218527 
218528 
218529 
218530 
218531 
218532 
218533 
218534 
218536 
218538 
218539 
218540 
218541 
218542 
218543 
218544 
218545 
218546 
218547 
218548 
218549 
218550 
218551 
218552 
218553 
218554 
218555 
218556 
218557 
218558 
218559 
218560 
218561 
218562 
218563 
218564 
218565 
218566 
218567 
218568 
218569 
218570 
218571 
218572 
218573 
218574 
218575 
218576 
218577 
218578 
218579 
218580 
218581 
218582 
218583 
218584 
218585 
218586 
218587 
218588 
218589 
218590 
218591 
218592 
218593 
218594 
218595 
218596 
218597 
218598 
218599 
218600 
218601 
218602 
218603 
218604 
218605 
218606 
218607 
218608 
218609 
218610 
218611 
218612 
218613 
218614 
218615 
218616 
218617 
218618 
218619 
218620 
218621 
218622 
218623 
218624 
218625 
218626 
218627 
218628 
218629 
218630 
218631 
218632 
218633 
218634 
218635 
218636 
218637 
218638 
218639 
218640 
218641 
218642 
218643 
218644 
218645 
218646 
218647 
218648 
218649 
218650 
218651 
218652 
218653 
218654 
218655 
218656 
218658 
218660 
218661 
218662 
218663 
218664 
218665 
218666 
218667 
218668 
218669 
218670 
218671 
218672 
218673 
218674 
218675 
218676 
218677 
218678 
218679 
218680 
218681 
218682 
218683 
218684 
218685 
218686 
218687 
218688 
218689 
218690 
218691 
218692 
218693 
218694 
218695 
218696 
218697 
218698 
218699 
218700 
218701 
218702 
218703 
218704 
218705 
218706 
218707 
218708 
218709 
218710 
218711 
218712 
218713 
218714 
218715 
218716 
218717 
218718 
218719 
218720 
218721 
218722 
218723 
218724 
218725 
218726 
218727 
218728 
218729 
218730 
218731 
218732 
218733 
218734 
218735 
218736 
218737 
218738 
218739 
218740 
218741 
218742 
218743 
218744 
218745 
218746 
218747 
218748 
218749 
218750 
218751 
218752 
218753 
218754 
218755 
218756 
218757 
218758 
218759 
218760 
218761 
218762 
218763 
218764 
218765 
218766 
218767 
218768 
218769 
218770 
218771 
218772 
218773 
218774 
218775 
218776 
218777 
218778 
218780 
218782 
218783 
218784 
218785 
218786 
218787 
218788 
218789 
218790 
218791 
218792 
218793 
218794 
218795 
218796 
218797 
218798 
218799 
218800 
218801 
218802 
218803 
218804 
218805 
218806 
218807 
218808 
218809 
218810 
218811 
218812 
218813 
218814 
218815 
218816 
218817 
218818 
218819 
218820 
218821 
218822 
218823 
218824 
218825 
218826 
218827 
218828 
218829 
218830 
218831 
218832 
218833 
218834 
218835 
218836 
218837 
218838 
218839 
218840 
218841 
218842 
218843 
218844 
218845 
218846 
218847 
218848 
218849 
218850 
218851 
218852 
218853 
218854 
218855 
218856 
218857 
218858 
218859 
218860 
218861 
218862 
218863 
218864 
218865 
218866 
218867 
218868 
218869 
218870 
218871 
218872 
218873 
218874 
218875 
218876 
218877 
218878 
218879 
218880 
218881 
218882 
218883 
218884 
218885 
218886 
218887 
218888 
218889 
218890 
218891 
218892 
218893 
218894 
218895 
218896 
218897 
218898 
218899 
218900 
218902 
218904 
218905 
218906 
218907 
218908 
218909 
218910 
218911 
218912 
218913 
218914 
218915 
218916 
218917 
218918 
218919 
218920 
218921 
218922 
218923 
218924 
218925 
218926 
218927 
218928 
218929 
218930 
218931 
218932 
218933 
218934 
218935 
218936 
218937 
218938 
218939 
218940 
218941 
218942 
218943 
218944 
218945 
218946 
218947 
218948 
218949 
218950 
218951 
218952 
218953 
218954 
218955 
218956 
218957 
218958 
218959 
218960 
218961 
218962 
218963 
218964 
218965 
218966 
218967 
218968 
218969 
218970 
218971 
218972 
218973 
218974 
218975 
218976 
218977 
218978 
218979 
218980 
218981 
218982 
218983 
218984 
218985 
218986 
218987 
218988 
218989 
218990 
218991 
218992 
218993 
218994 
218995 
218996 
218997 
218998 
218999 
219000 
219001 
219002 
219003 
219004 
219005 
219006 
219007 
219008 
219009 
219010 
219011 
219012 
219013 
219014 
219015 
219016 
219017 
219018 
219019 
219020 
219021 
219022 
219024 
219026 
219027 
219028 
219029 
219030 
219031 
219032 
219033 
219034 
219035 
219036 
219037 
219038 
219039 
219040 
219041 
219042 
219043 
219044 
219045 
219046 
219047 
219048 
219049 
219050 
219051 
219052 
219053 
219054 
219055 
219056 
219057 
219058 
219059 
219060 
219061 
219062 
219063 
219064 
219065 
219066 
219067 
219068 
219069 
219070 
219071 
219072 
219073 
219074 
219075 
219076 
219077 
219078 
219079 
219080 
219081 
219082 
219083 
219084 
219085 
219086 
219087 
219088 
219089 
219090 
219091 
219092 
219093 
219094 
219095 
219096 
219097 
219098 
219099 
219100 
219101 
219102 
219103 
219104 
219105 
219106 
219107 
219108 
219109 
219110 
219111 
219112 
219113 
219114 
219115 
219116 
219117 
219118 
219119 
219120 
219121 
219122 
219123 
219124 
219125 
219126 
219127 
219128 
219129 
219130 
219131 
219132 
219133 
219134 
219135 
219136 
219137 
219138 
219139 
219140 
219141 
219142 
219143 
219144 
219146 
219148 
219149 
219150 
219151 
219152 
219153 
219154 
219155 
219156 
219157 
219158 
219159 
219160 
219161 
219162 
219163 
219164 
219165 
219166 
219167 
219168 
219169 
219170 
219171 
219172 
219173 
219174 
219175 
219176 
219177 
219178 
219179 
219180 
219181 
219182 
219183 
219184 
219185 
219186 
219187 
219188 
219189 
219190 
219191 
219192 
219193 
219194 
219195 
219196 
219197 
219198 
219199 
219200 
219201 
219202 
219203 
219204 
219205 
219206 
219207 
219208 
219209 
219210 
219211 
219212 
219213 
219214 
219215 
219216 
219217 
219218 
219219 
219220 
219221 
219222 
219223 
219224 
219225 
219226 
219227 
219228 
219229 
219230 
219231 
219232 
219233 
219234 
219235 
219236 
219237 
219238 
219239 
219240 
219241 
219242 
219243 
219244 
219245 
219246 
219247 
219248 
219249 
219250 
219251 
219252 
219253 
219254 
219255 
219256 
219257 
219258 
219259 
219260 
219261 
219262 
219263 
219264 
219265 
219266 
219268 
219270 
219271 
219272 
219273 
219274 
219275 
219276 
219277 
219278 
219279 
219280 
219281 
219282 
219283 
219284 
219285 
219286 
219287 
219288 
219289 
219290 
219291 
219292 
219293 
219294 
219295 
219296 
219297 
219298 
219299 
219300 
219301 
219302 
219303 
219304 
219305 
219306 
219307 
219308 
219309 
219310 
219311 
219312 
219313 
219314 
219315 
219316 
219317 
219318 
219319 
219320 
219321 
219322 
219323 
219324 
219325 
219326 
219327 
219328 
219329 
219330 
219331 
219332 
219333 
219334 
219335 
219336 
219337 
219338 
219339 
219340 
219341 
219342 
219343 
219344 
219345 
219346 
219347 
219348 
219349 
219350 
219351 
219352 
219353 
219354 
219355 
219356 
219357 
219358 
219359 
219360 
219361 
219362 
219363 
219364 
219365 
219366 
219367 
219368 
219369 
219370 
219371 
219372 
219373 
219374 
219375 
219376 
219377 
219378 
219379 
219380 
219381 
219382 
219383 
219384 
219385 
219386 
219387 
219388 
219390 
219392 
219393 
219394 
219395 
219396 
219397 
219398 
219399 
219400 
219401 
219402 
219403 
219404 
219405 
219406 
219407 
219408 
219409 
219410 
219411 
219412 
219413 
219414 
219415 
219416 
219417 
219418 
219419 
219420 
219421 
219422 
219423 
219424 
219425 
219426 
219427 
219428 
219429 
219430 
219431 
219432 
219433 
219434 
219435 
219436 
219437 
219438 
219439 
219440 
219441 
219442 
219443 
219444 
219445 
219446 
219447 
219448 
219449 
219450 
219451 
219452 
219453 
219454 
219455 
219456 
219457 
219458 
219459 
219460 
219461 
219462 
219463 
219464 
219465 
219466 
219467 
219468 
219469 
219470 
219471 
219472 
219473 
219474 
219475 
219476 
219477 
219478 
219479 
219480 
219481 
219482 
219483 
219484 
219485 
219486 
219487 
219488 
219489 
219490 
219491 
219492 
219493 
219494 
219495 
219496 
219497 
219498 
219499 
219500 
219501 
219502 
219503 
219504 
219505 
219506 
219507 
219508 
219509 
219510 
219512 
219514 
219515 
219516 
219517 
219518 
219519 
219520 
219521 
219522 
219523 
219524 
219525 
219526 
219527 
219528 
219529 
219530 
219531 
219532 
219533 
219534 
219535 
219536 
219537 
219538 
219539 
219540 
219541 
219542 
219543 
219544 
219545 
219546 
219547 
219548 
219549 
219550 
219551 
219552 
219553 
219554 
219555 
219556 
219557 
219558 
219559 
219560 
219561 
219562 
219563 
219564 
219565 
219566 
219567 
219568 
219569 
219570 
219571 
219572 
219573 
219574 
219575 
219576 
219577 
219578 
219579 
219580 
219581 
219582 
219583 
219584 
219585 
219586 
219587 
219588 
219589 
219590 
219591 
219592 
219593 
219594 
219595 
219596 
219597 
219598 
219599 
219600 
219601 
219602 
219603 
219604 
219605 
219606 
219607 
219608 
219609 
219610 
219611 
219612 
219613 
219614 
219615 
219616 
219617 
219618 
219619 
219620 
219621 
219622 
219623 
219624 
219625 
219626 
219627 
219628 
219629 
219630 
219631 
219632 
219634 
219636 
219637 
219638 
219639 
219640 
219641 
219642 
219643 
219644 
219645 
219646 
219647 
219648 
219649 
219650 
219651 
219652 
219653 
219654 
219655 
219656 
219657 
219658 
219659 
219660 
219661 
219662 
219663 
219664 
219665 
219666 
219667 
219668 
219669 
219670 
219671 
219672 
219673 
219674 
219675 
219676 
219677 
219678 
219679 
219680 
219681 
219682 
219683 
219684 
219685 
219686 
219687 
219688 
219689 
219690 
219691 
219692 
219693 
219694 
219695 
219696 
219697 
219698 
219699 
219700 
219701 
219702 
219703 
219704 
219705 
219706 
219707 
219708 
219709 
219710 
219711 
219712 
219713 
219714 
219715 
219716 
219717 
219718 
219719 
219720 
219721 
219722 
219723 
219724 
219725 
219726 
219727 
219728 
219729 
219730 
219731 
219732 
219733 
219734 
219735 
219736 
219737 
219738 
219739 
219740 
219741 
219742 
219743 
219744 
219745 
219746 
219747 
219748 
219749 
219750 
219751 
219752 
219753 
219754 
219756 
219758 
219759 
219760 
219761 
219762 
219763 
219764 
219765 
219766 
219767 
219768 
219769 
219770 
219771 
219772 
219773 
219774 
219775 
219776 
219777 
219778 
219779 
219780 
219781 
219782 
219783 
219784 
219785 
219786 
219787 
219788 
219789 
219790 
219791 
219792 
219793 
219794 
219795 
219796 
219797 
219798 
219799 
219800 
219801 
219802 
219803 
219804 
219805 
219806 
219807 
219808 
219809 
219810 
219811 
219812 
219813 
219814 
219815 
219816 
219817 
219818 
219819 
219820 
219821 
219822 
219823 
219824 
219825 
219826 
219827 
219828 
219829 
219830 
219831 
219832 
219833 
219834 
219835 
219836 
219837 
219838 
219839 
219840 
219841 
219842 
219843 
219844 
219845 
219846 
219847 
219848 
219849 
219850 
219851 
219852 
219853 
219854 
219855 
219856 
219857 
219858 
219859 
219860 
219861 
219862 
219863 
219864 
219865 
219866 
219867 
219868 
219869 
219870 
219871 
219872 
219873 
219874 
219875 
219876 
219878 
219880 
219881 
219882 
219883 
219884 
219885 
219886 
219887 
219888 
219889 
219890 
219891 
219892 
219893 
219894 
219895 
219896 
219897 
219898 
219899 
219900 
219901 
219902 
219903 
219904 
219905 
219906 
219907 
219908 
219909 
219910 
219911 
219912 
219913 
219914 
219915 
219916 
219917 
219918 
219919 
219920 
219921 
219922 
219923 
219924 
219925 
219926 
219927 
219928 
219929 
219930 
219931 
219932 
219933 
219934 
219935 
219936 
219937 
219938 
219939 
219940 
219941 
219942 
219943 
219944 
219945 
219946 
219947 
219948 
219949 
219950 
219951 
219952 
219953 
219954 
219955 
219956 
219957 
219958 
219959 
219960 
219961 
219962 
219963 
219964 
219965 
219966 
219967 
219968 
219969 
219970 
219971 
219972 
219973 
219974 
219975 
219976 
219977 
219978 
219979 
219980 
219981 
219982 
219983 
219984 
219985 
219986 
219987 
219988 
219989 
219990 
219991 
219992 
219993 
219994 
219995 
219996 
219997 
219998 
220000 
220002 
220003 
220004 
220005 
220006 
220007 
220008 
220009 
220010 
220011 
220012 
220013 
220014 
220015 
220016 
220017 
220018 
220019 
220020 
220021 
220022 
220023 
220024 
220025 
220026 
220027 
220028 
220029 
220030 
220031 
220032 
220033 
220034 
220035 
220036 
220037 
220038 
220039 
220040 
220041 
220042 
220043 
220044 
220045 
220046 
220047 
220048 
220049 
220050 
220051 
220052 
220053 
220054 
220055 
220056 
220057 
220058 
220059 
220060 
220061 
220062 
220063 
220064 
220065 
220066 
220067 
220068 
220069 
220070 
220071 
220072 
220073 
220074 
220075 
220076 
220077 
220078 
220079 
220080 
220081 
220082 
220083 
220084 
220085 
220086 
220087 
220088 
220089 
220090 
220091 
220092 
220093 
220094 
220095 
220096 
220097 
220098 
220099 
220100 
220101 
220102 
220103 
220104 
220105 
220106 
220107 
220108 
220109 
220110 
220111 
220112 
220113 
220114 
220115 
220116 
220117 
220118 
220119 
220120 
220122 
220124 
220125 
220126 
220127 
220128 
220129 
220130 
220131 
220132 
220133 
220134 
220135 
220136 
220137 
220138 
220139 
220140 
220141 
220142 
220143 
220144 
220145 
220146 
220147 
220148 
220149 
220150 
220151 
220152 
220153 
220154 
220155 
220156 
220157 
220158 
220159 
220160 
220161 
220162 
220163 
220164 
220165 
220166 
220167 
220168 
220169 
220170 
220171 
220172 
220173 
220174 
220175 
220176 
220177 
220178 
220179 
220180 
220181 
220182 
220183 
220184 
220185 
220186 
220187 
220188 
220189 
220190 
220191 
220192 
220193 
220194 
220195 
220196 
220197 
220198 
220199 
220200 
220201 
220202 
220203 
220204 
220205 
220206 
220207 
220208 
220209 
220210 
220211 
220212 
220213 
220214 
220215 
220216 
220217 
220218 
220219 
220220 
220221 
220222 
220223 
220224 
220225 
220226 
220227 
220228 
220229 
220230 
220231 
220232 
220233 
220234 
220235 
220236 
220237 
220238 
220239 
220240 
220241 
220242 
220244 
220246 
220247 
220248 
220249 
220250 
220251 
220252 
220253 
220254 
220255 
220256 
220257 
220258 
220259 
220260 
220261 
220262 
220263 
220264 
220265 
220266 
220267 
220268 
220269 
220270 
220271 
220272 
220273 
220274 
220275 
220276 
220277 
220278 
220279 
220280 
220281 
220282 
220283 
220284 
220285 
220286 
220287 
220288 
220289 
220290 
220291 
220292 
220293 
220294 
220295 
220296 
220297 
220298 
220299 
220300 
220301 
220302 
220303 
220304 
220305 
220306 
220307 
220308 
220309 
220310 
220311 
220312 
220313 
220314 
220315 
220316 
220317 
220318 
220319 
220320 
220321 
220322 
220323 
220324 
220325 
220326 
220327 
220328 
220329 
220330 
220331 
220332 
220333 
220334 
220335 
220336 
220337 
220338 
220339 
220340 
220341 
220342 
220343 
220344 
220345 
220346 
220347 
220348 
220349 
220350 
220351 
220352 
220353 
220354 
220355 
220356 
220357 
220358 
220359 
220360 
220361 
220362 
220363 
220364 
220366 
220368 
220369 
220370 
220371 
220372 
220373 
220374 
220375 
220376 
220377 
220378 
220379 
220380 
220381 
220382 
220383 
220384 
220385 
220386 
220387 
220388 
220389 
220390 
220391 
220392 
220393 
220394 
220395 
220396 
220397 
220398 
220399 
220400 
220401 
220402 
220403 
220404 
220405 
220406 
220407 
220408 
220409 
220410 
220411 
220412 
220413 
220414 
220415 
220416 
220417 
220418 
220419 
220420 
220421 
220422 
220423 
220424 
220425 
220426 
220427 
220428 
220429 
220430 
220431 
220432 
220433 
220434 
220435 
220436 
220437 
220438 
220439 
220440 
220441 
220442 
220443 
220444 
220445 
220446 
220447 
220448 
220449 
220450 
220451 
220452 
220453 
220454 
220455 
220456 
220457 
220458 
220459 
220460 
220461 
220462 
220463 
220464 
220465 
220466 
220467 
220468 
220469 
220470 
220471 
220472 
220473 
220474 
220475 
220476 
220477 
220478 
220479 
220480 
220481 
220482 
220483 
220484 
220485 
220486 
220488 
220490 
220491 
220492 
220493 
220494 
220495 
220496 
220497 
220498 
220499 
220500 
220501 
220502 
220503 
220504 
220505 
220506 
220507 
220508 
220509 
220510 
220511 
220512 
220513 
220514 
220515 
220516 
220517 
220518 
220519 
220520 
220521 
220522 
220523 
220524 
220525 
220526 
220527 
220528 
220529 
220530 
220531 
220532 
220533 
220534 
220535 
220536 
220537 
220538 
220539 
220540 
220541 
220542 
220543 
220544 
220545 
220546 
220547 
220548 
220549 
220550 
220551 
220552 
220553 
220554 
220555 
220556 
220557 
220558 
220559 
220560 
220561 
220562 
220563 
220564 
220565 
220566 
220567 
220568 
220569 
220570 
220571 
220572 
220573 
220574 
220575 
220576 
220577 
220578 
220579 
220580 
220581 
220582 
220583 
220584 
220585 
220586 
220587 
220588 
220589 
220590 
220591 
220592 
220593 
220594 
220595 
220596 
220597 
220598 
220599 
220600 
220601 
220602 
220603 
220604 
220605 
220606 
220607 
220608 
220610 
220612 
220613 
220614 
220615 
220616 
220617 
220618 
220619 
220620 
220621 
220622 
220623 
220624 
220625 
220626 
220627 
220628 
220629 
220630 
220631 
220632 
220633 
220634 
220635 
220636 
220637 
220638 
220639 
220640 
220641 
220642 
220643 
220644 
220645 
220646 
220647 
220648 
220649 
220650 
220651 
220652 
220653 
220654 
220655 
220656 
220657 
220658 
220659 
220660 
220661 
220662 
220663 
220664 
220665 
220666 
220667 
220668 
220669 
220670 
220671 
220672 
220673 
220674 
220675 
220676 
220677 
220678 
220679 
220680 
220681 
220682 
220683 
220684 
220685 
220686 
220687 
220688 
220689 
220690 
220691 
220692 
220693 
220694 
220695 
220696 
220697 
220698 
220699 
220700 
220701 
220702 
220703 
220704 
220705 
220706 
220707 
220708 
220709 
220710 
220711 
220712 
220713 
220714 
220715 
220716 
220717 
220718 
220719 
220720 
220721 
220722 
220723 
220724 
220725 
220726 
220727 
220728 
220729 
220730 
220732 
220734 
220735 
220736 
220737 
220738 
220739 
220740 
220741 
220742 
220743 
220744 
220745 
220746 
220747 
220748 
220749 
220750 
220751 
220752 
220753 
220754 
220755 
220756 
220757 
220758 
220759 
220760 
220761 
220762 
220763 
220764 
220765 
220766 
220767 
220768 
220769 
220770 
220771 
220772 
220773 
220774 
220775 
220776 
220777 
220778 
220779 
220780 
220781 
220782 
220783 
220784 
220785 
220786 
220787 
220788 
220789 
220790 
220791 
220792 
220793 
220794 
220795 
220796 
220797 
220798 
220799 
220800 
220801 
220802 
220803 
220804 
220805 
220806 
220807 
220808 
220809 
220810 
220811 
220812 
220813 
220814 
220815 
220816 
220817 
220818 
220819 
220820 
220821 
220822 
220823 
220824 
220825 
220826 
220827 
220828 
220829 
220830 
220831 
220832 
220833 
220834 
220835 
220836 
220837 
220838 
220839 
220840 
220841 
220842 
220843 
220844 
220845 
220846 
220847 
220848 
220849 
220850 
220851 
220852 
220854 
220856 
220857 
220858 
220859 
220860 
220861 
220862 
220863 
220864 
220865 
220866 
220867 
220868 
220869 
220870 
220871 
220872 
220873 
220874 
220875 
220876 
220877 
220878 
220879 
220880 
220881 
220882 
220883 
220884 
220885 
220886 
220887 
220888 
220889 
220890 
220891 
220892 
220893 
220894 
220895 
220896 
220897 
220898 
220899 
220900 
220901 
220902 
220903 
220904 
220905 
220906 
220907 
220908 
220909 
220910 
220911 
220912 
220913 
220914 
220915 
220916 
220917 
220918 
220919 
220920 
220921 
220922 
220923 
220924 
220925 
220926 
220927 
220928 
220929 
220930 
220931 
220932 
220933 
220934 
220935 
220936 
220937 
220938 
220939 
220940 
220941 
220942 
220943 
220944 
220945 
220946 
220947 
220948 
220949 
220950 
220951 
220952 
220953 
220954 
220955 
220956 
220957 
220958 
220959 
220960 
220961 
220962 
220963 
220964 
220965 
220966 
220967 
220968 
220969 
220970 
220971 
220972 
220973 
220974 
220976 
220978 
220979 
220980 
220981 
220982 
220983 
220984 
220985 
220986 
220987 
220988 
220989 
220990 
220991 
220992 
220993 
220994 
220995 
220996 
220997 
220998 
220999 
221000 
221001 
221002 
221003 
221004 
221005 
221006 
221007 
221008 
221009 
221010 
221011 
221012 
221013 
221014 
221015 
221016 
221017 
221018 
221019 
221020 
221021 
221022 
221023 
221024 
221025 
221026 
221027 
221028 
221029 
221030 
221031 
221032 
221033 
221034 
221035 
221036 
221037 
221038 
221039 
221040 
221041 
221042 
221043 
221044 
221045 
221046 
221047 
221048 
221049 
221050 
221051 
221052 
221053 
221054 
221055 
221056 
221057 
221058 
221059 
221060 
221061 
221062 
221063 
221064 
221065 
221066 
221067 
221068 
221069 
221070 
221071 
221072 
221073 
221074 
221075 
221076 
221077 
221078 
221079 
221080 
221081 
221082 
221083 
221084 
221085 
221086 
221087 
221088 
221089 
221090 
221091 
221092 
221093 
221094 
221095 
221096 
221098 
221100 
221101 
221102 
221103 
221104 
221105 
221106 
221107 
221108 
221109 
221110 
221111 
221112 
221113 
221114 
221115 
221116 
221117 
221118 
221119 
221120 
221121 
221122 
221123 
221124 
221125 
221126 
221127 
221128 
221129 
221130 
221131 
221132 
221133 
221134 
221135 
221136 
221137 
221138 
221139 
221140 
221141 
221142 
221143 
221144 
221145 
221146 
221147 
221148 
221149 
221150 
221151 
221152 
221153 
221154 
221155 
221156 
221157 
221158 
221159 
221160 
221161 
221162 
221163 
221164 
221165 
221166 
221167 
221168 
221169 
221170 
221171 
221172 
221173 
221174 
221175 
221176 
221177 
221178 
221179 
221180 
221181 
221182 
221183 
221184 
221185 
221186 
221187 
221188 
221189 
221190 
221191 
221192 
221193 
221194 
221195 
221196 
221197 
221198 
221199 
221200 
221201 
221202 
221203 
221204 
221205 
221206 
221207 
221208 
221209 
221210 
221211 
221212 
221213 
221214 
221215 
221216 
221217 
221218 
221220 
221222 
221223 
221224 
221225 
221226 
221227 
221228 
221229 
221230 
221231 
221232 
221233 
221234 
221235 
221236 
221237 
221238 
221239 
221240 
221241 
221242 
221243 
221244 
221245 
221246 
221247 
221248 
221249 
221250 
221251 
221252 
221253 
221254 
221255 
221256 
221257 
221258 
221259 
221260 
221261 
221262 
221263 
221264 
221265 
221266 
221267 
221268 
221269 
221270 
221271 
221272 
221273 
221274 
221275 
221276 
221277 
221278 
221279 
221280 
221281 
221282 
221283 
221284 
221285 
221286 
221287 
221288 
221289 
221290 
221291 
221292 
221293 
221294 
221295 
221296 
221297 
221298 
221299 
221300 
221301 
221302 
221303 
221304 
221305 
221306 
221307 
221308 
221309 
221310 
221311 
221312 
221313 
221314 
221315 
221316 
221317 
221318 
221319 
221320 
221321 
221322 
221323 
221324 
221325 
221326 
221327 
221328 
221329 
221330 
221331 
221332 
221333 
221334 
221335 
221336 
221337 
221338 
221339 
221340 
221342 
221344 
221345 
221346 
221347 
221348 
221349 
221350 
221351 
221352 
221353 
221354 
221355 
221356 
221357 
221358 
221359 
221360 
221361 
221362 
221363 
221364 
221365 
221366 
221367 
221368 
221369 
221370 
221371 
221372 
221373 
221374 
221375 
221376 
221377 
221378 
221379 
221380 
221381 
221382 
221383 
221384 
221385 
221386 
221387 
221388 
221389 
221390 
221391 
221392 
221393 
221394 
221395 
221396 
221397 
221398 
221399 
221400 
221401 
221402 
221403 
221404 
221405 
221406 
221407 
221408 
221409 
221410 
221411 
221412 
221413 
221414 
221415 
221416 
221417 
221418 
221419 
221420 
221421 
221422 
221423 
221424 
221425 
221426 
221427 
221428 
221429 
221430 
221431 
221432 
221433 
221434 
221435 
221436 
221437 
221438 
221439 
221440 
221441 
221442 
221443 
221444 
221445 
221446 
221447 
221448 
221449 
221450 
221451 
221452 
221453 
221454 
221455 
221456 
221457 
221458 
221459 
221460 
221461 
221462 
221464 
221466 
221467 
221468 
221469 
221470 
221471 
221472 
221473 
221474 
221475 
221476 
221477 
221478 
221479 
221480 
221481 
221482 
221483 
221484 
221485 
221486 
221487 
221488 
221489 
221490 
221491 
221492 
221493 
221494 
221495 
221496 
221497 
221498 
221499 
221500 
221501 
221502 
221503 
221504 
221505 
221506 
221507 
221508 
221509 
221510 
221511 
221512 
221513 
221514 
221515 
221516 
221517 
221518 
221519 
221520 
221521 
221522 
221523 
221524 
221525 
221526 
221527 
221528 
221529 
221530 
221531 
221532 
221533 
221534 
221535 
221536 
221537 
221538 
221539 
221540 
221541 
221542 
221543 
221544 
221545 
221546 
221547 
221548 
221549 
221550 
221551 
221552 
221553 
221554 
221555 
221556 
221557 
221558 
221559 
221560 
221561 
221562 
221563 
221564 
221565 
221566 
221567 
221568 
221569 
221570 
221571 
221572 
221573 
221574 
221575 
221576 
221577 
221578 
221579 
221580 
221581 
221582 
221583 
221584 
221586 
221588 
221589 
221590 
221591 
221592 
221593 
221594 
221595 
221596 
221597 
221598 
221599 
221600 
221601 
221602 
221603 
221604 
221605 
221606 
221607 
221608 
221609 
221610 
221611 
221612 
221613 
221614 
221615 
221616 
221617 
221618 
221619 
221620 
221621 
221622 
221623 
221624 
221625 
221626 
221627 
221628 
221629 
221630 
221631 
221632 
221633 
221634 
221635 
221636 
221637 
221638 
221639 
221640 
221641 
221642 
221643 
221644 
221645 
221646 
221647 
221648 
221649 
221650 
221651 
221652 
221653 
221654 
221655 
221656 
221657 
221658 
221659 
221660 
221661 
221662 
221663 
221664 
221665 
221666 
221667 
221668 
221669 
221670 
221671 
221672 
221673 
221674 
221675 
221676 
221677 
221678 
221679 
221680 
221681 
221682 
221683 
221684 
221685 
221686 
221687 
221688 
221689 
221690 
221691 
221692 
221693 
221694 
221695 
221696 
221697 
221698 
221699 
221700 
221701 
221702 
221703 
221704 
221705 
221706 
221708 
221710 
221711 
221712 
221713 
221714 
221715 
221716 
221717 
221718 
221719 
221720 
221721 
221722 
221723 
221724 
221725 
221726 
221727 
221728 
221729 
221730 
221731 
221732 
221733 
221734 
221735 
221736 
221737 
221738 
221739 
221740 
221741 
221742 
221743 
221744 
221745 
221746 
221747 
221748 
221749 
221750 
221751 
221752 
221753 
221754 
221755 
221756 
221757 
221758 
221759 
221760 
221761 
221762 
221763 
221764 
221765 
221766 
221767 
221768 
221769 
221770 
221771 
221772 
221773 
221774 
221775 
221776 
221777 
221778 
221779 
221780 
221781 
221782 
221783 
221784 
221785 
221786 
221787 
221788 
221789 
221790 
221791 
221792 
221793 
221794 
221795 
221796 
221797 
221798 
221799 
221800 
221801 
221802 
221803 
221804 
221805 
221806 
221807 
221808 
221809 
221810 
221811 
221812 
221813 
221814 
221815 
221816 
221817 
221818 
221819 
221820 
221821 
221822 
221823 
221824 
221825 
221826 
221827 
221828 
221830 
221832 
221833 
221834 
221835 
221836 
221837 
221838 
221839 
221840 
221841 
221842 
221843 
221844 
221845 
221846 
221847 
221848 
221849 
221850 
221851 
221852 
221853 
221854 
221855 
221856 
221857 
221858 
221859 
221860 
221861 
221862 
221863 
221864 
221865 
221866 
221867 
221868 
221869 
221870 
221871 
221872 
221873 
221874 
221875 
221876 
221877 
221878 
221879 
221880 
221881 
221882 
221883 
221884 
221885 
221886 
221887 
221888 
221889 
221890 
221891 
221892 
221893 
221894 
221895 
221896 
221897 
221898 
221899 
221900 
221901 
221902 
221903 
221904 
221905 
221906 
221907 
221908 
221909 
221910 
221911 
221912 
221913 
221914 
221915 
221916 
221917 
221918 
221919 
221920 
221921 
221922 
221923 
221924 
221925 
221926 
221927 
221928 
221929 
221930 
221931 
221932 
221933 
221934 
221935 
221936 
221937 
221938 
221939 
221940 
221941 
221942 
221943 
221944 
221945 
221946 
221947 
221948 
221949 
221950 
221952 
221954 
221955 
221956 
221957 
221958 
221959 
221960 
221961 
221962 
221963 
221964 
221965 
221966 
221967 
221968 
221969 
221970 
221971 
221972 
221973 
221974 
221975 
221976 
221977 
221978 
221979 
221980 
221981 
221982 
221983 
221984 
221985 
221986 
221987 
221988 
221989 
221990 
221991 
221992 
221993 
221994 
221995 
221996 
221997 
221998 
221999 
222000 
222001 
222002 
222003 
222004 
222005 
222006 
222007 
222008 
222009 
222010 
222011 
222012 
222013 
222014 
222015 
222016 
222017 
222018 
222019 
222020 
222021 
222022 
222023 
222024 
222025 
222026 
222027 
222028 
222029 
222030 
222031 
222032 
222033 
222034 
222035 
222036 
222037 
222038 
222039 
222040 
222041 
222042 
222043 
222044 
222045 
222046 
222047 
222048 
222049 
222050 
222051 
222052 
222053 
222054 
222055 
222056 
222057 
222058 
222059 
222060 
222061 
222062 
222063 
222064 
222065 
222066 
222067 
222068 
222069 
222070 
222071 
222072 
222074 
222076 
222077 
222078 
222079 
222080 
222081 
222082 
222083 
222084 
222085 
222086 
222087 
222088 
222089 
222090 
222091 
222092 
222093 
222094 
222095 
222096 
222097 
222098 
222099 
222100 
222101 
222102 
222103 
222104 
222105 
222106 
222107 
222108 
222109 
222110 
222111 
222112 
222113 
222114 
222115 
222116 
222117 
222118 
222119 
222120 
222121 
222122 
222123 
222124 
222125 
222126 
222127 
222128 
222129 
222130 
222131 
222132 
222133 
222134 
222135 
222136 
222137 
222138 
222139 
222140 
222141 
222142 
222143 
222144 
222145 
222146 
222147 
222148 
222149 
222150 
222151 
222152 
222153 
222154 
222155 
222156 
222157 
222158 
222159 
222160 
222161 
222162 
222163 
222164 
222165 
222166 
222167 
222168 
222169 
222170 
222171 
222172 
222173 
222174 
222175 
222176 
222177 
222178 
222179 
222180 
222181 
222182 
222183 
222184 
222185 
222186 
222187 
222188 
222189 
222190 
222191 
222192 
222193 
222194 
222196 
222198 
222199 
222200 
222201 
222202 
222203 
222204 
222205 
222206 
222207 
222208 
222209 
222210 
222211 
222212 
222213 
222214 
222215 
222216 
222217 
222218 
222219 
222220 
222221 
222222 
222223 
222224 
222225 
222226 
222227 
222228 
222229 
222230 
222231 
222232 
222233 
222234 
222235 
222236 
222237 
222238 
222239 
222240 
222241 
222242 
222243 
222244 
222245 
222246 
222247 
222248 
222249 
222250 
222251 
222252 
222253 
222254 
222255 
222256 
222257 
222258 
222259 
222260 
222261 
222262 
222263 
222264 
222265 
222266 
222267 
222268 
222269 
222270 
222271 
222272 
222273 
222274 
222275 
222276 
222277 
222278 
222279 
222280 
222281 
222282 
222283 
222284 
222285 
222286 
222287 
222288 
222289 
222290 
222291 
222292 
222293 
222294 
222295 
222296 
222297 
222298 
222299 
222300 
222301 
222302 
222303 
222304 
222305 
222306 
222307 
222308 
222309 
222310 
222311 
222312 
222313 
222314 
222315 
222316 
222318 
222320 
222321 
222322 
222323 
222324 
222325 
222326 
222327 
222328 
222329 
222330 
222331 
222332 
222333 
222334 
222335 
222336 
222337 
222338 
222339 
222340 
222341 
222342 
222343 
222344 
222345 
222346 
222347 
222348 
222349 
222350 
222351 
222352 
222353 
222354 
222355 
222356 
222357 
222358 
222359 
222360 
222361 
222362 
222363 
222364 
222365 
222366 
222367 
222368 
222369 
222370 
222371 
222372 
222373 
222374 
222375 
222376 
222377 
222378 
222379 
222380 
222381 
222382 
222383 
222384 
222385 
222386 
222387 
222388 
222389 
222390 
222391 
222392 
222393 
222394 
222395 
222396 
222397 
222398 
222399 
222400 
222401 
222402 
222403 
222404 
222405 
222406 
222407 
222408 
222409 
222410 
222411 
222412 
222413 
222414 
222415 
222416 
222417 
222418 
222419 
222420 
222421 
222422 
222423 
222424 
222425 
222426 
222427 
222428 
222429 
222430 
222431 
222432 
222433 
222434 
222435 
222436 
222437 
222438 
222440 
222442 
222443 
222444 
222445 
222446 
222447 
222448 
222449 
222450 
222451 
222452 
222453 
222454 
222455 
222456 
222457 
222458 
222459 
222460 
222461 
222462 
222463 
222464 
222465 
222466 
222467 
222468 
222469 
222470 
222471 
222472 
222473 
222474 
222475 
222476 
222477 
222478 
222479 
222480 
222481 
222482 
222483 
222484 
222485 
222486 
222487 
222488 
222489 
222490 
222491 
222492 
222493 
222494 
222495 
222496 
222497 
222498 
222499 
222500 
222501 
222502 
222503 
222504 
222505 
222506 
222507 
222508 
222509 
222510 
222511 
222512 
222513 
222514 
222515 
222516 
222517 
222518 
222519 
222520 
222521 
222522 
222523 
222524 
222525 
222526 
222527 
222528 
222529 
222530 
222531 
222532 
222533 
222534 
222535 
222536 
222537 
222538 
222539 
222540 
222541 
222542 
222543 
222544 
222545 
222546 
222547 
222548 
222549 
222550 
222551 
222552 
222553 
222554 
222555 
222556 
222557 
222558 
222559 
222560 
222562 
222564 
222565 
222566 
222567 
222568 
222569 
222570 
222571 
222572 
222573 
222574 
222575 
222576 
222577 
222578 
222579 
222580 
222581 
222582 
222583 
222584 
222585 
222586 
222587 
222588 
222589 
222590 
222591 
222592 
222593 
222594 
222595 
222596 
222597 
222598 
222599 
222600 
222601 
222602 
222603 
222604 
222605 
222606 
222607 
222608 
222609 
222610 
222611 
222612 
222613 
222614 
222615 
222616 
222617 
222618 
222619 
222620 
222621 
222622 
222623 
222624 
222625 
222626 
222627 
222628 
222629 
222630 
222631 
222632 
222633 
222634 
222635 
222636 
222637 
222638 
222639 
222640 
222641 
222642 
222643 
222644 
222645 
222646 
222647 
222648 
222649 
222650 
222651 
222652 
222653 
222654 
222655 
222656 
222657 
222658 
222659 
222660 
222661 
222662 
222663 
222664 
222665 
222666 
222667 
222668 
222669 
222670 
222671 
222672 
222673 
222674 
222675 
222676 
222677 
222678 
222679 
222680 
222681 
222682 
222684 
222686 
222687 
222688 
222689 
222690 
222691 
222692 
222693 
222694 
222695 
222696 
222697 
222698 
222699 
222700 
222701 
222702 
222703 
222704 
222705 
222706 
222707 
222708 
222709 
222710 
222711 
222712 
222713 
222714 
222715 
222716 
222717 
222718 
222719 
222720 
222721 
222722 
222723 
222724 
222725 
222726 
222727 
222728 
222729 
222730 
222731 
222732 
222733 
222734 
222735 
222736 
222737 
222738 
222739 
222740 
222741 
222742 
222743 
222744 
222745 
222746 
222747 
222748 
222749 
222750 
222751 
222752 
222753 
222754 
222755 
222756 
222757 
222758 
222759 
222760 
222761 
222762 
222763 
222764 
222765 
222766 
222767 
222768 
222769 
222770 
222771 
222772 
222773 
222774 
222775 
222776 
222777 
222778 
222779 
222780 
222781 
222782 
222783 
222784 
222785 
222786 
222787 
222788 
222789 
222790 
222791 
222792 
222793 
222794 
222795 
222796 
222797 
222798 
222799 
222800 
222801 
222802 
222803 
222804 
222806 
222808 
222809 
222810 
222811 
222812 
222813 
222814 
222815 
222816 
222817 
222818 
222819 
222820 
222821 
222822 
222823 
222824 
222825 
222826 
222827 
222828 
222829 
222830 
222831 
222832 
222833 
222834 
222835 
222836 
222837 
222838 
222839 
222840 
222841 
222842 
222843 
222844 
222845 
222846 
222847 
222848 
222849 
222850 
222851 
222852 
222853 
222854 
222855 
222856 
222857 
222858 
222859 
222860 
222861 
222862 
222863 
222864 
222865 
222866 
222867 
222868 
222869 
222870 
222871 
222872 
222873 
222874 
222875 
222876 
222877 
222878 
222879 
222880 
222881 
222882 
222883 
222884 
222885 
222886 
222887 
222888 
222889 
222890 
222891 
222892 
222893 
222894 
222895 
222896 
222897 
222898 
222899 
222900 
222901 
222902 
222903 
222904 
222905 
222906 
222907 
222908 
222909 
222910 
222911 
222912 
222913 
222914 
222915 
222916 
222917 
222918 
222919 
222920 
222921 
222922 
222923 
222924 
222925 
222926 
222928 
222930 
222931 
222932 
222933 
222934 
222935 
222936 
222937 
222938 
222939 
222940 
222941 
222942 
222943 
222944 
222945 
222946 
222947 
222948 
222949 
222950 
222951 
222952 
222953 
222954 
222955 
222956 
222957 
222958 
222959 
222960 
222961 
222962 
222963 
222964 
222965 
222966 
222967 
222968 
222969 
222970 
222971 
222972 
222973 
222974 
222975 
222976 
222977 
222978 
222979 
222980 
222981 
222982 
222983 
222984 
222985 
222986 
222987 
222988 
222989 
222990 
222991 
222992 
222993 
222994 
222995 
222996 
222997 
222998 
222999 
223000 
223001 
223002 
223003 
223004 
223005 
223006 
223007 
223008 
223009 
223010 
223011 
223012 
223013 
223014 
223015 
223016 
223017 
223018 
223019 
223020 
223021 
223022 
223023 
223024 
223025 
223026 
223027 
223028 
223029 
223030 
223031 
223032 
223033 
223034 
223035 
223036 
223037 
223038 
223039 
223040 
223041 
223042 
223043 
223044 
223045 
223046 
223047 
223048 
223050 
223052 
223053 
223054 
223055 
223056 
223057 
223058 
223059 
223060 
223061 
223062 
223063 
223064 
223065 
223066 
223067 
223068 
223069 
223070 
223071 
223072 
223073 
223074 
223075 
223076 
223077 
223078 
223079 
223080 
223081 
223082 
223083 
223084 
223085 
223086 
223087 
223088 
223089 
223090 
223091 
223092 
223093 
223094 
223095 
223096 
223097 
223098 
223099 
223100 
223101 
223102 
223103 
223104 
223105 
223106 
223107 
223108 
223109 
223110 
223111 
223112 
223113 
223114 
223115 
223116 
223117 
223118 
223119 
223120 
223121 
223122 
223123 
223124 
223125 
223126 
223127 
223128 
223129 
223130 
223131 
223132 
223133 
223134 
223135 
223136 
223137 
223138 
223139 
223140 
223141 
223142 
223143 
223144 
223145 
223146 
223147 
223148 
223149 
223150 
223151 
223152 
223153 
223154 
223155 
223156 
223157 
223158 
223159 
223160 
223161 
223162 
223163 
223164 
223165 
223166 
223167 
223168 
223169 
223170 
223172 
223174 
223175 
223176 
223177 
223178 
223179 
223180 
223181 
223182 
223183 
223184 
223185 
223186 
223187 
223188 
223189 
223190 
223191 
223192 
223193 
223194 
223195 
223196 
223197 
223198 
223199 
223200 
223201 
223202 
223203 
223204 
223205 
223206 
223207 
223208 
223209 
223210 
223211 
223212 
223213 
223214 
223215 
223216 
223217 
223218 
223219 
223220 
223221 
223222 
223223 
223224 
223225 
223226 
223227 
223228 
223229 
223230 
223231 
223232 
223233 
223234 
223235 
223236 
223237 
223238 
223239 
223240 
223241 
223242 
223243 
223244 
223245 
223246 
223247 
223248 
223249 
223250 
223251 
223252 
223253 
223254 
223255 
223256 
223257 
223258 
223259 
223260 
223261 
223262 
223263 
223264 
223265 
223266 
223267 
223268 
223269 
223270 
223271 
223272 
223273 
223274 
223275 
223276 
223277 
223278 
223279 
223280 
223281 
223282 
223283 
223284 
223285 
223286 
223287 
223288 
223289 
223290 
223291 
223292 
223294 
223296 
223297 
223298 
223299 
223300 
223301 
223302 
223303 
223304 
223305 
223306 
223307 
223308 
223309 
223310 
223311 
223312 
223313 
223314 
223315 
223316 
223317 
223318 
223319 
223320 
223321 
223322 
223323 
223324 
223325 
223326 
223327 
223328 
223329 
223330 
223331 
223332 
223333 
223334 
223335 
223336 
223337 
223338 
223339 
223340 
223341 
223342 
223343 
223344 
223345 
223346 
223347 
223348 
223349 
223350 
223351 
223352 
223353 
223354 
223355 
223356 
223357 
223358 
223359 
223360 
223361 
223362 
223363 
223364 
223365 
223366 
223367 
223368 
223369 
223370 
223371 
223372 
223373 
223374 
223375 
223376 
223377 
223378 
223379 
223380 
223381 
223382 
223383 
223384 
223385 
223386 
223387 
223388 
223389 
223390 
223391 
223392 
223393 
223394 
223395 
223396 
223397 
223398 
223399 
223400 
223401 
223402 
223403 
223404 
223405 
223406 
223407 
223408 
223409 
223410 
223411 
223412 
223413 
223414 
223416 
223418 
223419 
223420 
223421 
223422 
223423 
223424 
223425 
223426 
223427 
223428 
223429 
223430 
223431 
223432 
223433 
223434 
223435 
223436 
223437 
223438 
223439 
223440 
223441 
223442 
223443 
223444 
223445 
223446 
223447 
223448 
223449 
223450 
223451 
223452 
223453 
223454 
223455 
223456 
223457 
223458 
223459 
223460 
223461 
223462 
223463 
223464 
223465 
223466 
223467 
223468 
223469 
223470 
223471 
223472 
223473 
223474 
223475 
223476 
223477 
223478 
223479 
223480 
223481 
223482 
223483 
223484 
223485 
223486 
223487 
223488 
223489 
223490 
223491 
223492 
223493 
223494 
223495 
223496 
223497 
223498 
223499 
223500 
223501 
223502 
223503 
223504 
223505 
223506 
223507 
223508 
223509 
223510 
223511 
223512 
223513 
223514 
223515 
223516 
223517 
223518 
223519 
223520 
223521 
223522 
223523 
223524 
223525 
223526 
223527 
223528 
223529 
223530 
223531 
223532 
223533 
223534 
223535 
223536 
223538 
223540 
223541 
223542 
223543 
223544 
223545 
223546 
223547 
223548 
223549 
223550 
223551 
223552 
223553 
223554 
223555 
223556 
223557 
223558 
223559 
223560 
223561 
223562 
223563 
223564 
223565 
223566 
223567 
223568 
223569 
223570 
223571 
223572 
223573 
223574 
223575 
223576 
223577 
223578 
223579 
223580 
223581 
223582 
223583 
223584 
223585 
223586 
223587 
223588 
223589 
223590 
223591 
223592 
223593 
223594 
223595 
223596 
223597 
223598 
223599 
223600 
223601 
223602 
223603 
223604 
223605 
223606 
223607 
223608 
223609 
223610 
223611 
223612 
223613 
223614 
223615 
223616 
223617 
223618 
223619 
223620 
223621 
223622 
223623 
223624 
223625 
223626 
223627 
223628 
223629 
223630 
223631 
223632 
223633 
223634 
223635 
223636 
223637 
223638 
223639 
223640 
223641 
223642 
223643 
223644 
223645 
223646 
223647 
223648 
223649 
223650 
223651 
223652 
223653 
223654 
223655 
223656 
223657 
223658 
223660 
223662 
223663 
223664 
223665 
223666 
223667 
223668 
223669 
223670 
223671 
223672 
223673 
223674 
223675 
223676 
223677 
223678 
223679 
223680 
223681 
223682 
223683 
223684 
223685 
223686 
223687 
223688 
223689 
223690 
223691 
223692 
223693 
223694 
223695 
223696 
223697 
223698 
223699 
223700 
223701 
223702 
223703 
223704 
223705 
223706 
223707 
223708 
223709 
223710 
223711 
223712 
223713 
223714 
223715 
223716 
223717 
223718 
223719 
223720 
223721 
223722 
223723 
223724 
223725 
223726 
223727 
223728 
223729 
223730 
223731 
223732 
223733 
223734 
223735 
223736 
223737 
223738 
223739 
223740 
223741 
223742 
223743 
223744 
223745 
223746 
223747 
223748 
223749 
223750 
223751 
223752 
223753 
223754 
223755 
223756 
223757 
223758 
223759 
223760 
223761 
223762 
223763 
223764 
223765 
223766 
223767 
223768 
223769 
223770 
223771 
223772 
223773 
223774 
223775 
223776 
223777 
223778 
223779 
223780 
223782 
223784 
223785 
223786 
223787 
223788 
223789 
223790 
223791 
223792 
223793 
223794 
223795 
223796 
223797 
223798 
223799 
223800 
223801 
223802 
223803 
223804 
223805 
223806 
223807 
223808 
223809 
223810 
223811 
223812 
223813 
223814 
223815 
223816 
223817 
223818 
223819 
223820 
223821 
223822 
223823 
223824 
223825 
223826 
223827 
223828 
223829 
223830 
223831 
223832 
223833 
223834 
223835 
223836 
223837 
223838 
223839 
223840 
223841 
223842 
223843 
223844 
223845 
223846 
223847 
223848 
223849 
223850 
223851 
223852 
223853 
223854 
223855 
223856 
223857 
223858 
223859 
223860 
223861 
223862 
223863 
223864 
223865 
223866 
223867 
223868 
223869 
223870 
223871 
223872 
223873 
223874 
223875 
223876 
223877 
223878 
223879 
223880 
223881 
223882 
223883 
223884 
223885 
223886 
223887 
223888 
223889 
223890 
223891 
223892 
223893 
223894 
223895 
223896 
223897 
223898 
223899 
223900 
223901 
223902 
223904 
223906 
223907 
223908 
223909 
223910 
223911 
223912 
223913 
223914 
223915 
223916 
223917 
223918 
223919 
223920 
223921 
223922 
223923 
223924 
223925 
223926 
223927 
223928 
223929 
223930 
223931 
223932 
223933 
223934 
223935 
223936 
223937 
223938 
223939 
223940 
223941 
223942 
223943 
223944 
223945 
223946 
223947 
223948 
223949 
223950 
223951 
223952 
223953 
223954 
223955 
223956 
223957 
223958 
223959 
223960 
223961 
223962 
223963 
223964 
223965 
223966 
223967 
223968 
223969 
223970 
223971 
223972 
223973 
223974 
223975 
223976 
223977 
223978 
223979 
223980 
223981 
223982 
223983 
223984 
223985 
223986 
223987 
223988 
223989 
223990 
223991 
223992 
223993 
223994 
223995 
223996 
223997 
223998 
223999 
224000 
224001 
224002 
224003 
224004 
224005 
224006 
224007 
224008 
224009 
224010 
224011 
224012 
224013 
224014 
224015 
224016 
224017 
224018 
224019 
224020 
224021 
224022 
224023 
224024 
224026 
224028 
224029 
224030 
224031 
224032 
224033 
224034 
224035 
224036 
224037 
224038 
224039 
224040 
224041 
224042 
224043 
224044 
224045 
224046 
224047 
224048 
224049 
224050 
224051 
224052 
224053 
224054 
224055 
224056 
224057 
224058 
224059 
224060 
224061 
224062 
224063 
224064 
224065 
224066 
224067 
224068 
224069 
224070 
224071 
224072 
224073 
224074 
224075 
224076 
224077 
224078 
224079 
224080 
224081 
224082 
224083 
224084 
224085 
224086 
224087 
224088 
224089 
224090 
224091 
224092 
224093 
224094 
224095 
224096 
224097 
224098 
224099 
224100 
224101 
224102 
224103 
224104 
224105 
224106 
224107 
224108 
224109 
224110 
224111 
224112 
224113 
224114 
224115 
224116 
224117 
224118 
224119 
224120 
224121 
224122 
224123 
224124 
224125 
224126 
224127 
224128 
224129 
224130 
224131 
224132 
224133 
224134 
224135 
224136 
224137 
224138 
224139 
224140 
224141 
224142 
224143 
224144 
224145 
224146 
224148 
224150 
224151 
224152 
224153 
224154 
224155 
224156 
224157 
224158 
224159 
224160 
224161 
224162 
224163 
224164 
224165 
224166 
224167 
224168 
224169 
224170 
224171 
224172 
224173 
224174 
224175 
224176 
224177 
224178 
224179 
224180 
224181 
224182 
224183 
224184 
224185 
224186 
224187 
224188 
224189 
224190 
224191 
224192 
224193 
224194 
224195 
224196 
224197 
224198 
224199 
224200 
224201 
224202 
224203 
224204 
224205 
224206 
224207 
224208 
224209 
224210 
224211 
224212 
224213 
224214 
224215 
224216 
224217 
224218 
224219 
224220 
224221 
224222 
224223 
224224 
224225 
224226 
224227 
224228 
224229 
224230 
224231 
224232 
224233 
224234 
224235 
224236 
224237 
224238 
224239 
224240 
224241 
224242 
224243 
224244 
224245 
224246 
224247 
224248 
224249 
224250 
224251 
224252 
224253 
224254 
224255 
224256 
224257 
224258 
224259 
224260 
224261 
224262 
224263 
224264 
224265 
224266 
224267 
224268 
224270 
224272 
224273 
224274 
224275 
224276 
224277 
224278 
224279 
224280 
224281 
224282 
224283 
224284 
224285 
224286 
224287 
224288 
224289 
224290 
224291 
224292 
224293 
224294 
224295 
224296 
224297 
224298 
224299 
224300 
224301 
224302 
224303 
224304 
224305 
224306 
224307 
224308 
224309 
224310 
224311 
224312 
224313 
224314 
224315 
224316 
224317 
224318 
224319 
224320 
224321 
224322 
224323 
224324 
224325 
224326 
224327 
224328 
224329 
224330 
224331 
224332 
224333 
224334 
224335 
224336 
224337 
224338 
224339 
224340 
224341 
224342 
224343 
224344 
224345 
224346 
224347 
224348 
224349 
224350 
224351 
224352 
224353 
224354 
224355 
224356 
224357 
224358 
224359 
224360 
224361 
224362 
224363 
224364 
224365 
224366 
224367 
224368 
224369 
224370 
224371 
224372 
224373 
224374 
224375 
224376 
224377 
224378 
224379 
224380 
224381 
224382 
224383 
224384 
224385 
224386 
224387 
224388 
224389 
224390 
224392 
224394 
224395 
224396 
224397 
224398 
224399 
224400 
224401 
224402 
224403 
224404 
224405 
224406 
224407 
224408 
224409 
224410 
224411 
224412 
224413 
224414 
224415 
224416 
224417 
224418 
224419 
224420 
224421 
224422 
224423 
224424 
224425 
224426 
224427 
224428 
224429 
224430 
224431 
224432 
224433 
224434 
224435 
224436 
224437 
224438 
224439 
224440 
224441 
224442 
224443 
224444 
224445 
224446 
224447 
224448 
224449 
224450 
224451 
224452 
224453 
224454 
224455 
224456 
224457 
224458 
224459 
224460 
224461 
224462 
224463 
224464 
224465 
224466 
224467 
224468 
224469 
224470 
224471 
224472 
224473 
224474 
224475 
224476 
224477 
224478 
224479 
224480 
224481 
224482 
224483 
224484 
224485 
224486 
224487 
224488 
224489 
224490 
224491 
224492 
224493 
224494 
224495 
224496 
224497 
224498 
224499 
224500 
224501 
224502 
224503 
224504 
224505 
224506 
224507 
224508 
224509 
224510 
224511 
224512 
224514 
224516 
224517 
224518 
224519 
224520 
224521 
224522 
224523 
224524 
224525 
224526 
224527 
224528 
224529 
224530 
224531 
224532 
224533 
224534 
224535 
224536 
224537 
224538 
224539 
224540 
224541 
224542 
224543 
224544 
224545 
224546 
224547 
224548 
224549 
224550 
224551 
224552 
224553 
224554 
224555 
224556 
224557 
224558 
224559 
224560 
224561 
224562 
224563 
224564 
224565 
224566 
224567 
224568 
224569 
224570 
224571 
224572 
224573 
224574 
224575 
224576 
224577 
224578 
224579 
224580 
224581 
224582 
224583 
224584 
224585 
224586 
224587 
224588 
224589 
224590 
224591 
224592 
224593 
224594 
224595 
224596 
224597 
224598 
224599 
224600 
224601 
224602 
224603 
224604 
224605 
224606 
224607 
224608 
224609 
224610 
224611 
224612 
224613 
224614 
224615 
224616 
224617 
224618 
224619 
224620 
224621 
224622 
224623 
224624 
224625 
224626 
224627 
224628 
224629 
224630 
224631 
224632 
224633 
224634 
224636 
224638 
224639 
224640 
224641 
224642 
224643 
224644 
224645 
224646 
224647 
224648 
224649 
224650 
224651 
224652 
224653 
224654 
224655 
224656 
224657 
224658 
224659 
224660 
224661 
224662 
224663 
224664 
224665 
224666 
224667 
224668 
224669 
224670 
224671 
224672 
224673 
224674 
224675 
224676 
224677 
224678 
224679 
224680 
224681 
224682 
224683 
224684 
224685 
224686 
224687 
224688 
224689 
224690 
224691 
224692 
224693 
224694 
224695 
224696 
224697 
224698 
224699 
224700 
224701 
224702 
224703 
224704 
224705 
224706 
224707 
224708 
224709 
224710 
224711 
224712 
224713 
224714 
224715 
224716 
224717 
224718 
224719 
224720 
224721 
224722 
224723 
224724 
224725 
224726 
224727 
224728 
224729 
224730 
224731 
224732 
224733 
224734 
224735 
224736 
224737 
224738 
224739 
224740 
224741 
224742 
224743 
224744 
224745 
224746 
224747 
224748 
224749 
224750 
224751 
224752 
224753 
224754 
224755 
224756 
224759 
224762 
224764 
224766 
224768 
224770 
224772 
224774 
224776 
224778 
224780 
224782 
224784 
224786 
224788 
224790 
224792 
224794 
224796 
224798 
224800 
224802 
224804 
224806 
224808 
224810 
224812 
224814 
224816 
224818 
224820 
224822 
224824 
224826 
224828 
224830 
224832 
224834 
224836 
224838 
224840 
224842 
224844 
224846 
224848 
224850 
224852 
224854 
224856 
224858 
224860 
224862 
224864 
224866 
224868 
224870 
224872 
224874 
224876 
224878 
224880 
224882 
224884 
224886 
224888 
224890 
224892 
224894 
224896 
224898 
224900 
224902 
224904 
224906 
224908 
224910 
224912 
224914 
224916 
224918 
224920 
224922 
224924 
224926 
224928 
224930 
224932 
224934 
224936 
224938 
224940 
224942 
224944 
224946 
224948 
224950 
224952 
224954 
224956 
224958 
224960 
224962 
224964 
224966 
224968 
224970 
224972 
224974 
224976 
224978 
224980 
224982 
224984 
224986 
224988 
224990 
224992 
224994 
224996 
224998 
)

// ************************************************************************* //
