/*--------------------------------*- C++ -*----------------------------------*\
  =========                 |
  \\      /  F ield         | OpenFOAM: The Open Source CFD Toolbox
   \\    /   O peration     | Website:  https://openfoam.org
    \\  /    A nd           | Version:  6
     \\/     M anipulation  |
\*---------------------------------------------------------------------------*/
FoamFile
{
    version     2.0;
    format      ascii;
    class       volVectorField;
    location    "0";
    object      Utheta;
}
// * * * * * * * * * * * * * * * * * * * * * * * * * * * * * * * * * * * * * //

dimensions      [0 1 -1 0 0 0 0];

internalField   nonuniform List<vector> 
500
(
(0 -3.15017e-08 0)
(0 -3.15014e-08 0)
(0 -3.15012e-08 0)
(0 -3.1501e-08 0)
(0 -3.15009e-08 0)
(0 -3.15007e-08 0)
(0 -3.15006e-08 0)
(0 -3.15005e-08 0)
(0 -3.15004e-08 0)
(0 -3.15003e-08 0)
(0 -3.15003e-08 0)
(0 -3.15002e-08 0)
(0 -3.15002e-08 0)
(0 -3.15001e-08 0)
(0 -3.15001e-08 0)
(0 -3.15001e-08 0)
(0 -3.15001e-08 0)
(0 -3.15e-08 0)
(0 -3.15e-08 0)
(0 -3.15e-08 0)
(0 -3.15e-08 0)
(0 -3.15e-08 0)
(0 -3.15e-08 0)
(0 -3.15e-08 0)
(0 -3.15e-08 0)
(0 -3.15e-08 0)
(0 -3.15e-08 0)
(0 -3.15e-08 0)
(0 -3.15e-08 0)
(0 -3.15e-08 0)
(0 -3.15e-08 0)
(0 -3.15e-08 0)
(0 -3.15e-08 0)
(0 -3.15e-08 0)
(0 -3.15e-08 0)
(0 -3.15e-08 0)
(0 -3.15e-08 0)
(0 -3.15e-08 0)
(0 -3.15e-08 0)
(0 -3.15e-08 0)
(0 -3.15e-08 0)
(0 -3.15e-08 0)
(0 -3.15e-08 0)
(0 -3.15e-08 0)
(0 -3.15e-08 0)
(0 -3.15e-08 0)
(0 -3.15e-08 0)
(0 -3.15e-08 0)
(0 -3.15e-08 0)
(0 -3.15e-08 0)
(0 -3.15e-08 0)
(0 -3.15e-08 0)
(0 -3.15e-08 0)
(0 -3.15e-08 0)
(0 -3.15e-08 0)
(0 -3.15e-08 0)
(0 -3.15e-08 0)
(0 -3.15e-08 0)
(0 -3.15e-08 0)
(0 -3.15e-08 0)
(0 -3.15e-08 0)
(0 -3.15e-08 0)
(0 -3.15e-08 0)
(0 -3.15e-08 0)
(0 -3.15e-08 0)
(0 -3.15e-08 0)
(0 -3.15e-08 0)
(0 -3.15e-08 0)
(0 -3.15e-08 0)
(0 -3.15e-08 0)
(0 -3.15e-08 0)
(0 -3.15e-08 0)
(0 -3.15e-08 0)
(0 -3.15e-08 0)
(0 -3.15e-08 0)
(0 -3.15e-08 0)
(0 -3.15e-08 0)
(0 -3.15e-08 0)
(0 -3.15e-08 0)
(0 -3.15e-08 0)
(0 -3.15e-08 0)
(0 -3.15e-08 0)
(0 -3.15e-08 0)
(0 -3.15e-08 0)
(0 -3.15e-08 0)
(0 -3.15e-08 0)
(0 -3.15e-08 0)
(0 -3.15e-08 0)
(0 -3.15e-08 0)
(0 -3.15e-08 0)
(0 -3.15e-08 0)
(0 -3.15e-08 0)
(0 -3.15e-08 0)
(0 -3.15e-08 0)
(0 -3.15e-08 0)
(0 -3.15e-08 0)
(0 -3.15e-08 0)
(0 -3.15e-08 0)
(0 -3.15e-08 0)
(0 -3.15e-08 0)
(0 -3.15e-08 0)
(0 -3.15e-08 0)
(0 -3.15e-08 0)
(0 -3.15e-08 0)
(0 -3.15e-08 0)
(0 -3.15e-08 0)
(0 -3.15e-08 0)
(0 -3.15e-08 0)
(0 -3.15e-08 0)
(0 -3.15e-08 0)
(0 -3.15e-08 0)
(0 -3.15e-08 0)
(0 -3.15e-08 0)
(0 -3.15e-08 0)
(0 -3.15e-08 0)
(0 -3.15e-08 0)
(0 -3.15e-08 0)
(0 -3.15e-08 0)
(0 -3.15e-08 0)
(0 -3.15e-08 0)
(0 -3.15e-08 0)
(0 -3.15e-08 0)
(0 -3.15e-08 0)
(0 -3.15e-08 0)
(0 -3.15e-08 0)
(0 -3.15e-08 0)
(0 -3.15e-08 0)
(0 -3.15e-08 0)
(0 -3.15e-08 0)
(0 -3.15e-08 0)
(0 -3.15e-08 0)
(0 -3.15e-08 0)
(0 -3.15e-08 0)
(0 -3.15e-08 0)
(0 -3.15e-08 0)
(0 -3.15e-08 0)
(0 -3.15e-08 0)
(0 -3.15e-08 0)
(0 -3.15e-08 0)
(0 -3.15e-08 0)
(0 -3.15e-08 0)
(0 -3.15e-08 0)
(0 -3.15e-08 0)
(0 -3.15e-08 0)
(0 -3.15e-08 0)
(0 -3.15e-08 0)
(0 -3.15e-08 0)
(0 -3.15e-08 0)
(0 -3.15e-08 0)
(0 -3.15e-08 0)
(0 -3.15e-08 0)
(0 -3.15e-08 0)
(0 -3.15e-08 0)
(0 -3.15e-08 0)
(0 -3.15e-08 0)
(0 -3.15e-08 0)
(0 -3.15e-08 0)
(0 -3.15e-08 0)
(0 -3.15e-08 0)
(0 -3.15e-08 0)
(0 -3.15e-08 0)
(0 -3.15e-08 0)
(0 -3.15e-08 0)
(0 -3.15e-08 0)
(0 -3.15e-08 0)
(0 -3.15e-08 0)
(0 -3.15e-08 0)
(0 -3.15e-08 0)
(0 -3.15e-08 0)
(0 -3.15e-08 0)
(0 -3.15e-08 0)
(0 -3.15e-08 0)
(0 -3.15e-08 0)
(0 -3.15e-08 0)
(0 -3.15e-08 0)
(0 -3.15e-08 0)
(0 -3.15e-08 0)
(0 -3.15e-08 0)
(0 -3.15e-08 0)
(0 -3.15e-08 0)
(0 -3.15e-08 0)
(0 -3.15e-08 0)
(0 -3.15e-08 0)
(0 -3.15e-08 0)
(0 -3.15e-08 0)
(0 -3.15e-08 0)
(0 -3.15e-08 0)
(0 -3.15e-08 0)
(0 -3.15e-08 0)
(0 -3.15e-08 0)
(0 -3.15e-08 0)
(0 -3.15e-08 0)
(0 -3.15e-08 0)
(0 -3.15e-08 0)
(0 -3.15e-08 0)
(0 -3.15e-08 0)
(0 -3.15e-08 0)
(0 -3.15e-08 0)
(0 -3.15e-08 0)
(0 -3.15e-08 0)
(0 -3.15e-08 0)
(0 -3.15e-08 0)
(0 -3.15e-08 0)
(0 -3.15e-08 0)
(0 -3.15e-08 0)
(0 -3.15e-08 0)
(0 -3.15e-08 0)
(0 -3.15e-08 0)
(0 -3.15e-08 0)
(0 -3.15e-08 0)
(0 -3.15e-08 0)
(0 -3.15e-08 0)
(0 -3.15e-08 0)
(0 -3.15e-08 0)
(0 -3.15e-08 0)
(0 -3.15e-08 0)
(0 -3.15e-08 0)
(0 -3.15e-08 0)
(0 -3.15e-08 0)
(0 -3.15e-08 0)
(0 -3.15e-08 0)
(0 -3.15e-08 0)
(0 -3.15e-08 0)
(0 -3.15e-08 0)
(0 -3.15e-08 0)
(0 -3.15e-08 0)
(0 -3.15e-08 0)
(0 -3.15e-08 0)
(0 -3.15e-08 0)
(0 -3.15e-08 0)
(0 -3.15e-08 0)
(0 -3.15e-08 0)
(0 -3.15e-08 0)
(0 -3.15e-08 0)
(0 -3.15e-08 0)
(0 -3.15e-08 0)
(0 -3.15e-08 0)
(0 -3.15e-08 0)
(0 -3.15e-08 0)
(0 -3.15e-08 0)
(0 -3.15e-08 0)
(0 -3.15e-08 0)
(0 -3.15e-08 0)
(0 -3.15e-08 0)
(0 -3.15e-08 0)
(0 -3.15e-08 0)
(0 -3.15e-08 0)
(0 -3.15e-08 0)
(0 -3.15e-08 0)
(0 -3.15e-08 0)
(0 -3.15e-08 0)
(0 -3.15e-08 0)
(0 -3.15e-08 0)
(0 -3.15e-08 0)
(0 -3.15e-08 0)
(0 -3.15e-08 0)
(0 -3.15e-08 0)
(0 -3.15e-08 0)
(0 -3.15e-08 0)
(0 -3.15e-08 0)
(0 -3.15e-08 0)
(0 -3.15e-08 0)
(0 -3.15e-08 0)
(0 -3.15e-08 0)
(0 -3.15e-08 0)
(0 -3.15e-08 0)
(0 -3.15e-08 0)
(0 -3.15e-08 0)
(0 -3.15e-08 0)
(0 -3.15e-08 0)
(0 -3.15e-08 0)
(0 -3.15e-08 0)
(0 -3.15e-08 0)
(0 -3.15e-08 0)
(0 -3.15e-08 0)
(0 -3.15e-08 0)
(0 -3.15e-08 0)
(0 -3.15e-08 0)
(0 -3.15e-08 0)
(0 -3.15e-08 0)
(0 -3.15e-08 0)
(0 -3.15e-08 0)
(0 -3.15e-08 0)
(0 -3.15e-08 0)
(0 -3.15e-08 0)
(0 -3.15e-08 0)
(0 -3.15e-08 0)
(0 -3.15e-08 0)
(0 -3.15e-08 0)
(0 -3.15e-08 0)
(0 -3.15e-08 0)
(0 -3.15e-08 0)
(0 -3.15e-08 0)
(0 -3.15e-08 0)
(0 -3.15e-08 0)
(0 -3.15e-08 0)
(0 -3.15e-08 0)
(0 -3.15e-08 0)
(0 -3.15e-08 0)
(0 -3.15e-08 0)
(0 -3.15e-08 0)
(0 -3.15e-08 0)
(0 -3.15e-08 0)
(0 -3.15e-08 0)
(0 -3.15e-08 0)
(0 -3.15e-08 0)
(0 -3.15e-08 0)
(0 -3.15e-08 0)
(0 -3.15e-08 0)
(0 -3.15e-08 0)
(0 -3.15e-08 0)
(0 -3.15e-08 0)
(0 -3.15e-08 0)
(0 -3.15e-08 0)
(0 -3.15e-08 0)
(0 -3.15e-08 0)
(0 -3.15e-08 0)
(0 -3.15e-08 0)
(0 -3.15e-08 0)
(0 -3.15e-08 0)
(0 -3.15e-08 0)
(0 -3.15e-08 0)
(0 -3.15e-08 0)
(0 -3.15e-08 0)
(0 -3.15e-08 0)
(0 -3.15e-08 0)
(0 -3.15e-08 0)
(0 -3.15e-08 0)
(0 -3.15e-08 0)
(0 -3.15e-08 0)
(0 -3.15e-08 0)
(0 -3.15e-08 0)
(0 -3.15e-08 0)
(0 -3.15e-08 0)
(0 -3.15e-08 0)
(0 -3.15e-08 0)
(0 -3.15e-08 0)
(0 -3.15e-08 0)
(0 -3.15e-08 0)
(0 -3.15e-08 0)
(0 -3.15e-08 0)
(0 -3.15e-08 0)
(0 -3.15e-08 0)
(0 -3.15e-08 0)
(0 -3.15e-08 0)
(0 -3.15e-08 0)
(0 -3.15e-08 0)
(0 -3.15e-08 0)
(0 -3.15e-08 0)
(0 -3.15e-08 0)
(0 -3.15e-08 0)
(0 -3.15e-08 0)
(0 -3.15e-08 0)
(0 -3.15e-08 0)
(0 -3.15e-08 0)
(0 -3.15e-08 0)
(0 -3.15e-08 0)
(0 -3.15e-08 0)
(0 -3.15e-08 0)
(0 -3.15e-08 0)
(0 -3.15e-08 0)
(0 -3.15e-08 0)
(0 -3.15e-08 0)
(0 -3.15e-08 0)
(0 -3.15e-08 0)
(0 -3.15e-08 0)
(0 -3.15e-08 0)
(0 -3.15e-08 0)
(0 -3.15e-08 0)
(0 -3.15e-08 0)
(0 -3.15e-08 0)
(0 -3.15e-08 0)
(0 -3.15e-08 0)
(0 -3.15e-08 0)
(0 -3.15e-08 0)
(0 -3.15e-08 0)
(0 -3.15e-08 0)
(0 -3.15e-08 0)
(0 -3.15e-08 0)
(0 -3.15e-08 0)
(0 -3.15e-08 0)
(0 -3.15e-08 0)
(0 -3.15e-08 0)
(0 -3.15e-08 0)
(0 -3.15e-08 0)
(0 -3.15e-08 0)
(0 -3.15e-08 0)
(0 -3.15e-08 0)
(0 -3.15e-08 0)
(0 -3.15e-08 0)
(0 -3.15e-08 0)
(0 -3.15e-08 0)
(0 -3.15e-08 0)
(0 -3.15e-08 0)
(0 -3.15e-08 0)
(0 -3.15e-08 0)
(0 -3.15e-08 0)
(0 -3.15e-08 0)
(0 -3.15e-08 0)
(0 -3.15e-08 0)
(0 -3.15e-08 0)
(0 -3.15e-08 0)
(0 -3.15e-08 0)
(0 -3.15e-08 0)
(0 -3.15e-08 0)
(0 -3.15e-08 0)
(0 -3.15e-08 0)
(0 -3.15e-08 0)
(0 -3.15e-08 0)
(0 -3.15e-08 0)
(0 -3.15e-08 0)
(0 -3.15e-08 0)
(0 -3.15e-08 0)
(0 -3.15e-08 0)
(0 -3.15e-08 0)
(0 -3.15e-08 0)
(0 -3.15e-08 0)
(0 -3.15e-08 0)
(0 -3.15e-08 0)
(0 -3.15e-08 0)
(0 -3.15e-08 0)
(0 -3.15e-08 0)
(0 -3.15e-08 0)
(0 -3.15e-08 0)
(0 -3.15e-08 0)
(0 -3.15e-08 0)
(0 -3.15e-08 0)
(0 -3.15e-08 0)
(0 -3.15e-08 0)
(0 -3.15e-08 0)
(0 -3.15e-08 0)
(0 -3.15e-08 0)
(0 -3.15e-08 0)
(0 -3.15e-08 0)
(0 -3.15e-08 0)
(0 -3.15e-08 0)
(0 -3.15e-08 0)
(0 -3.15e-08 0)
(0 -3.15e-08 0)
(0 -3.15e-08 0)
(0 -3.15e-08 0)
(0 -3.15e-08 0)
(0 -3.15e-08 0)
(0 -3.15e-08 0)
(0 -3.15e-08 0)
(0 -3.15e-08 0)
(0 -3.15e-08 0)
(0 -3.15e-08 0)
(0 -3.15e-08 0)
(0 -3.15e-08 0)
(0 -3.15e-08 0)
(0 -3.15e-08 0)
(0 -3.15e-08 0)
(0 -3.15e-08 0)
(0 -3.15e-08 0)
(0 -3.15e-08 0)
(0 -3.15e-08 0)
(0 -3.15e-08 0)
(0 -3.15e-08 0)
(0 -3.15e-08 0)
(0 -3.15e-08 0)
(0 -3.15e-08 0)
(0 -3.15e-08 0)
(0 -3.15e-08 0)
(0 -3.15e-08 0)
(0 -3.15e-08 0)
(0 -3.15e-08 0)
(0 -3.15e-08 0)
(0 -3.15e-08 0)
(0 -3.15e-08 0)
(0 -3.15e-08 0)
(0 -3.15e-08 0)
(0 -3.15e-08 0)
(0 -3.15e-08 0)
(0 -3.15e-08 0)
(0 -3.15e-08 0)
(0 -3.15e-08 0)
(0 -3.15e-08 0)
(0 -3.15e-08 0)
(0 -3.15e-08 0)
(0 -3.15e-08 0)
(0 -3.15e-08 0)
(0 -3.15e-08 0)
(0 -3.15e-08 0)
(0 -3.15e-08 0)
(0 -3.15e-08 0)
(0 -3.15e-08 0)
(0 -3.15e-08 0)
(0 -3.15e-08 0)
(0 -3.15e-08 0)
(0 -3.15e-08 0)
(0 -3.15e-08 0)
(0 -3.15e-08 0)
(0 -3.15e-08 0)
(0 -3.15e-08 0)
(0 -3.15e-08 0)
(0 -3.15e-08 0)
(0 -3.15e-08 0)
(0 -3.15e-08 0)
(0 -3.15e-08 0)
)
;

boundaryField
{
    top
    {
        type            fixedValue;
        value           uniform (0 -3.15e-08 0);
    }
    bottom
    {
        type            zeroGradient;
    }
    frontAndBack
    {
        type            empty;
    }
}


// ************************************************************************* //
