0.0000 1.0000
0.0010 1.0000
0.0020 1.0000
0.0030 1.0000
0.0040 1.0000
0.0050 1.0000
0.0060 1.0000
0.0070 1.0000
0.0080 1.0000
0.0090 1.0000
0.0100 1.0000
0.0110 1.0000
0.0120 1.0000
0.0130 1.0000
0.0140 1.0000
0.0150 1.0000
0.0160 1.0000
0.0170 1.0000
0.0180 1.0000
0.0190 1.0000
0.0200 1.0000
0.0210 1.0000
0.0220 1.0000
0.0230 1.0000
0.0240 1.0000
0.0250 1.0000
0.0260 1.0000
0.0270 1.0000
0.0280 1.0000
0.0290 1.0000
0.0300 1.0000
0.0310 1.0000
0.0320 1.0000
0.0330 1.0000
0.0340 1.0000
0.0350 1.0000
0.0360 1.0000
0.0370 1.0000
0.0380 1.0000
0.0390 1.0000
0.0400 1.0000
0.0410 1.0000
0.0420 1.0000
0.0430 1.0000
0.0440 1.0000
0.0450 1.0000
0.0460 1.0000
0.0470 1.0000
0.0480 1.0000
0.0490 1.0000
0.0500 1.0000
0.0510 1.0000
0.0520 1.0000
0.0530 1.0000
0.0540 1.0000
0.0550 1.0000
0.0560 1.0000
0.0570 1.0000
0.0580 1.0000
0.0590 1.0000
0.0600 1.0000
0.0610 1.0000
0.0620 1.0000
0.0630 1.0000
0.0640 1.0000
0.0650 1.0000
0.0660 1.0000
0.0670 1.0000
0.0680 1.0000
0.0690 1.0000
0.0700 1.0000
0.0710 1.0000
0.0720 1.0000
0.0730 1.0000
0.0740 1.0000
0.0750 1.0000
0.0760 1.0000
0.0770 1.0000
0.0780 1.0000
0.0790 1.0000
0.0800 1.0000
0.0810 1.0000
0.0820 1.0000
0.0830 1.0000
0.0840 1.0000
0.0850 1.0000
0.0860 1.0000
0.0870 1.0000
0.0880 1.0000
0.0890 1.0000
0.0900 1.0000
0.0910 1.0000
0.0920 1.0000
0.0930 1.0000
0.0940 1.0000
0.0950 1.0000
0.0960 1.0000
0.0970 1.0000
0.0980 1.0000
0.0990 1.0000
0.1000 1.0000
0.1010 1.0000
0.1020 1.0000
0.1030 1.0000
0.1040 1.0000
0.1050 1.0000
0.1060 1.0000
0.1070 1.0000
0.1080 1.0000
0.1090 1.0000
0.1100 1.0000
0.1110 1.0000
0.1120 1.0000
0.1130 1.0000
0.1140 1.0000
0.1150 1.0000
0.1160 1.0000
0.1170 1.0000
0.1180 1.0000
0.1190 1.0000
0.1200 1.0000
0.1210 1.0000
0.1220 1.0000
0.1230 1.0000
0.1240 1.0000
0.1250 1.0000
0.1260 1.0000
0.1270 1.0000
0.1280 1.0000
0.1290 1.0000
0.1300 1.0000
0.1310 1.0000
0.1320 1.0000
0.1330 1.0000
0.1340 1.0000
0.1350 1.0000
0.1360 1.0000
0.1370 1.0000
0.1380 1.0000
0.1390 1.0000
0.1400 1.0000
0.1410 1.0000
0.1420 1.0000
0.1430 1.0000
0.1440 1.0000
0.1450 1.0000
0.1460 1.0000
0.1470 1.0000
0.1480 1.0000
0.1490 1.0000
0.1500 1.0000
0.1510 1.0000
0.1520 1.0000
0.1530 1.0000
0.1540 1.0000
0.1550 1.0000
0.1560 1.0000
0.1570 1.0000
0.1580 1.0000
0.1590 1.0000
0.1600 1.0000
0.1610 1.0000
0.1620 1.0000
0.1630 1.0000
0.1640 1.0000
0.1650 1.0000
0.1660 1.0000
0.1670 1.0000
0.1680 1.0000
0.1690 1.0000
0.1700 1.0000
0.1710 1.0000
0.1720 1.0000
0.1730 1.0000
0.1740 1.0000
0.1750 1.0000
0.1760 1.0000
0.1770 1.0000
0.1780 1.0000
0.1790 1.0000
0.1800 1.0000
0.1810 1.0000
0.1820 1.0000
0.1830 1.0000
0.1840 1.0000
0.1850 1.0000
0.1860 1.0000
0.1870 1.0000
0.1880 1.0000
0.1890 1.0000
0.1900 1.0000
0.1910 1.0000
0.1920 1.0000
0.1930 1.0000
0.1940 1.0000
0.1950 1.0000
0.1960 1.0000
0.1970 1.0000
0.1980 1.0000
0.1990 1.0000
0.2000 1.0000
0.2010 1.0000
0.2020 1.0000
0.2030 1.0000
0.2040 1.0000
0.2050 1.0000
0.2060 1.0000
0.2070 1.0000
0.2080 1.0000
0.2090 1.0000
0.2100 1.0000
0.2110 1.0000
0.2120 1.0000
0.2130 1.0000
0.2140 1.0000
0.2150 1.0000
0.2160 1.0000
0.2170 1.0000
0.2180 1.0000
0.2190 1.0000
0.2200 1.0000
0.2210 1.0000
0.2220 1.0000
0.2230 1.0000
0.2240 1.0000
0.2250 1.0000
0.2260 1.0000
0.2270 1.0000
0.2280 1.0000
0.2290 1.0000
0.2300 1.0000
0.2310 1.0000
0.2320 1.0000
0.2330 1.0000
0.2340 1.0000
0.2350 1.0000
0.2360 1.0000
0.2370 1.0000
0.2380 0.9999
0.2390 1.0004
0.2400 0.9985
0.2410 1.0057
0.2420 0.9792
0.2430 1.0745
0.2440 0.5307
0.2450 0.4693
0.2460 0.0984
0.2470 0.1375
0.2480 0.1827
0.2490 0.1476
0.2500 0.1533
0.2510 0.1411
0.2520 0.1455
0.2530 0.1367
0.2540 0.1384
0.2550 0.1339
0.2560 0.1296
0.2570 0.1295
0.2580 0.1235
0.2590 0.1239
0.2600 0.1182
0.2610 0.1195
0.2620 0.1119
0.2630 0.1167
0.2640 0.1060
0.2650 0.1123
0.2660 0.1032
0.2670 0.1057
0.2680 0.1015
0.2690 0.0999
0.2700 0.0987
0.2710 0.0955
0.2720 0.0953
0.2730 0.0916
0.2740 0.0918
0.2750 0.0882
0.2760 0.0883
0.2770 0.0851
0.2780 0.0847
0.2790 0.0822
0.2800 0.0812
0.2810 0.0793
0.2820 0.0781
0.2830 0.0765
0.2840 0.0751
0.2850 0.0736
0.2860 0.0723
0.2870 0.0709
0.2880 0.0696
0.2890 0.0683
0.2900 0.0670
0.2910 0.0658
0.2920 0.0646
0.2930 0.0634
0.2940 0.0622
0.2950 0.0610
0.2960 0.0599
0.2970 0.0588
0.2980 0.0576
0.2990 0.0566
0.3000 0.0555
0.3010 0.0545
0.3020 0.0534
0.3030 0.0524
0.3040 0.0515
0.3050 0.0505
0.3060 0.0495
0.3070 0.0486
0.3080 0.0477
0.3090 0.0468
0.3100 0.0459
0.3110 0.0450
0.3120 0.0441
0.3130 0.0433
0.3140 0.0425
0.3150 0.0416
0.3160 0.0408
0.3170 0.0400
0.3180 0.0393
0.3190 0.0385
0.3200 0.0377
0.3210 0.0370
0.3220 0.0363
0.3230 0.0355
0.3240 0.0348
0.3250 0.0341
0.3260 0.0335
0.3270 0.0328
0.3280 0.0321
0.3290 0.0314
0.3300 0.0308
0.3310 0.0302
0.3320 0.0295
0.3330 0.0289
0.3340 0.0283
0.3350 0.0277
0.3360 0.0271
0.3370 0.0265
0.3380 0.0259
0.3390 0.0254
0.3400 0.0248
0.3410 0.0242
0.3420 0.0237
0.3430 0.0231
0.3440 0.0226
0.3450 0.0221
0.3460 0.0216
0.3470 0.0210
0.3480 0.0205
0.3490 0.0200
0.3500 0.0195
0.3510 0.0190
0.3520 0.0185
0.3530 0.0181
0.3540 0.0176
0.3550 0.0171
0.3560 0.0167
0.3570 0.0162
0.3580 0.0157
0.3590 0.0153
0.3600 0.0148
0.3610 0.0144
0.3620 0.0140
0.3630 0.0135
0.3640 0.0131
0.3650 0.0127
0.3660 0.0123
0.3670 0.0119
0.3680 0.0115
0.3690 0.0110
0.3700 0.0106
0.3710 0.0102
0.3720 0.0098
0.3730 0.0095
0.3740 0.0091
0.3750 0.0087
0.3760 0.0083
0.3770 0.0079
0.3780 0.0076
0.3790 0.0072
0.3800 0.0068
0.3810 0.0064
0.3820 0.0061
0.3830 0.0057
0.3840 0.0054
0.3850 0.0050
0.3860 0.0047
0.3870 0.0043
0.3880 0.0040
0.3890 0.0036
0.3900 0.0033
0.3910 0.0029
0.3920 0.0026
0.3930 0.0023
0.3940 0.0019
0.3950 0.0016
0.3960 0.0013
0.3970 0.0010
0.3980 0.0006
0.3990 0.0003
0.4000 0.0000
