0.0000 1.0459
0.0010 0.9218
0.0020 0.6139
0.0030 0.3942
0.0040 0.3608
0.0050 0.3374
0.0060 0.3398
0.0070 0.2348
0.0080 0.2486
0.0090 0.2817
0.0100 0.2852
0.0110 0.2747
0.0120 0.2820
0.0130 0.2758
0.0140 0.2743
0.0150 0.2725
0.0160 0.2711
0.0170 0.2696
0.0180 0.2680
0.0190 0.2663
0.0200 0.2645
0.0210 0.2626
0.0220 0.2607
0.0230 0.2587
0.0240 0.2568
0.0250 0.2547
0.0260 0.2527
0.0270 0.2506
0.0280 0.2484
0.0290 0.2464
0.0300 0.2442
0.0310 0.2421
0.0320 0.2399
0.0330 0.2378
0.0340 0.2357
0.0350 0.2336
0.0360 0.2314
0.0370 0.2294
0.0380 0.2273
0.0390 0.2252
0.0400 0.2232
0.0410 0.2212
0.0420 0.2192
0.0430 0.2172
0.0440 0.2153
0.0450 0.2134
0.0460 0.2115
0.0470 0.2096
0.0480 0.2077
0.0490 0.2059
0.0500 0.2041
0.0510 0.2024
0.0520 0.2006
0.0530 0.1989
0.0540 0.1972
0.0550 0.1956
0.0560 0.1939
0.0570 0.1923
0.0580 0.1907
0.0590 0.1891
0.0600 0.1876
0.0610 0.1861
0.0620 0.1845
0.0630 0.1831
0.0640 0.1816
0.0650 0.1802
0.0660 0.1787
0.0670 0.1773
0.0680 0.1760
0.0690 0.1746
0.0700 0.1733
0.0710 0.1719
0.0720 0.1706
0.0730 0.1694
0.0740 0.1681
0.0750 0.1668
0.0760 0.1656
0.0770 0.1644
0.0780 0.1632
0.0790 0.1620
0.0800 0.1608
0.0810 0.1596
0.0820 0.1585
0.0830 0.1573
0.0840 0.1562
0.0850 0.1551
0.0860 0.1540
0.0870 0.1529
0.0880 0.1518
0.0890 0.1508
0.0900 0.1497
0.0910 0.1487
0.0920 0.1477
0.0930 0.1467
0.0940 0.1457
0.0950 0.1447
0.0960 0.1437
0.0970 0.1427
0.0980 0.1418
0.0990 0.1408
0.1000 0.1399
0.1010 0.1389
0.1020 0.1380
0.1030 0.1371
0.1040 0.1362
0.1050 0.1353
0.1060 0.1344
0.1070 0.1335
0.1080 0.1327
0.1090 0.1318
0.1100 0.1309
0.1110 0.1301
0.1120 0.1292
0.1130 0.1284
0.1140 0.1276
0.1150 0.1268
0.1160 0.1260
0.1170 0.1251
0.1180 0.1244
0.1190 0.1236
0.1200 0.1228
0.1210 0.1220
0.1220 0.1212
0.1230 0.1205
0.1240 0.1197
0.1250 0.1189
0.1260 0.1182
0.1270 0.1175
0.1280 0.1167
0.1290 0.1160
0.1300 0.1153
0.1310 0.1145
0.1320 0.1138
0.1330 0.1131
0.1340 0.1124
0.1350 0.1117
0.1360 0.1110
0.1370 0.1103
0.1380 0.1096
0.1390 0.1090
0.1400 0.1083
0.1410 0.1076
0.1420 0.1070
0.1430 0.1063
0.1440 0.1056
0.1450 0.1050
0.1460 0.1043
0.1470 0.1037
0.1480 0.1031
0.1490 0.1024
0.1500 0.1018
0.1510 0.1012
0.1520 0.1005
0.1530 0.0999
0.1540 0.0993
0.1550 0.0987
0.1560 0.0981
0.1570 0.0975
0.1580 0.0969
0.1590 0.0963
0.1600 0.0957
0.1610 0.0951
0.1620 0.0945
0.1630 0.0939
0.1640 0.0933
0.1650 0.0927
0.1660 0.0921
0.1670 0.0916
0.1680 0.0910
0.1690 0.0904
0.1700 0.0899
0.1710 0.0893
0.1720 0.0887
0.1730 0.0882
0.1740 0.0876
0.1750 0.0871
0.1760 0.0865
0.1770 0.0860
0.1780 0.0854
0.1790 0.0849
0.1800 0.0844
0.1810 0.0838
0.1820 0.0833
0.1830 0.0828
0.1840 0.0822
0.1850 0.0817
0.1860 0.0812
0.1870 0.0807
0.1880 0.0801
0.1890 0.0796
0.1900 0.0791
0.1910 0.0786
0.1920 0.0781
0.1930 0.0776
0.1940 0.0771
0.1950 0.0766
0.1960 0.0761
0.1970 0.0756
0.1980 0.0751
0.1990 0.0746
0.2000 0.0741
0.2010 0.0736
0.2020 0.0731
0.2030 0.0726
0.2040 0.0722
0.2050 0.0717
0.2060 0.0712
0.2070 0.0707
0.2080 0.0702
0.2090 0.0698
0.2100 0.0693
0.2110 0.0688
0.2120 0.0683
0.2130 0.0679
0.2140 0.0674
0.2150 0.0670
0.2160 0.0665
0.2170 0.0660
0.2180 0.0656
0.2190 0.0651
0.2200 0.0647
0.2210 0.0642
0.2220 0.0638
0.2230 0.0633
0.2240 0.0629
0.2250 0.0624
0.2260 0.0620
0.2270 0.0615
0.2280 0.0611
0.2290 0.0606
0.2300 0.0602
0.2310 0.0598
0.2320 0.0593
0.2330 0.0589
0.2340 0.0585
0.2350 0.0580
0.2360 0.0576
0.2370 0.0572
0.2380 0.0567
0.2390 0.0563
0.2400 0.0559
0.2410 0.0555
0.2420 0.0550
0.2430 0.0546
0.2440 0.0542
0.2450 0.0538
0.2460 0.0534
0.2470 0.0529
0.2480 0.0525
0.2490 0.0521
0.2500 0.0517
0.2510 0.0513
0.2520 0.0509
0.2530 0.0505
0.2540 0.0501
0.2550 0.0497
0.2560 0.0493
0.2570 0.0488
0.2580 0.0484
0.2590 0.0480
0.2600 0.0476
0.2610 0.0472
0.2620 0.0468
0.2630 0.0465
0.2640 0.0461
0.2650 0.0457
0.2660 0.0453
0.2670 0.0449
0.2680 0.0445
0.2690 0.0441
0.2700 0.0437
0.2710 0.0433
0.2720 0.0429
0.2730 0.0425
0.2740 0.0422
0.2750 0.0418
0.2760 0.0414
0.2770 0.0410
0.2780 0.0406
0.2790 0.0402
0.2800 0.0399
0.2810 0.0395
0.2820 0.0391
0.2830 0.0387
0.2840 0.0384
0.2850 0.0380
0.2860 0.0376
0.2870 0.0372
0.2880 0.0369
0.2890 0.0365
0.2900 0.0361
0.2910 0.0358
0.2920 0.0354
0.2930 0.0350
0.2940 0.0347
0.2950 0.0343
0.2960 0.0339
0.2970 0.0336
0.2980 0.0332
0.2990 0.0328
0.3000 0.0325
0.3010 0.0321
0.3020 0.0318
0.3030 0.0314
0.3040 0.0311
0.3050 0.0307
0.3060 0.0303
0.3070 0.0300
0.3080 0.0296
0.3090 0.0293
0.3100 0.0289
0.3110 0.0286
0.3120 0.0282
0.3130 0.0279
0.3140 0.0275
0.3150 0.0272
0.3160 0.0268
0.3170 0.0265
0.3180 0.0261
0.3190 0.0258
0.3200 0.0254
0.3210 0.0251
0.3220 0.0248
0.3230 0.0244
0.3240 0.0241
0.3250 0.0237
0.3260 0.0234
0.3270 0.0231
0.3280 0.0227
0.3290 0.0224
0.3300 0.0220
0.3310 0.0217
0.3320 0.0214
0.3330 0.0210
0.3340 0.0207
0.3350 0.0204
0.3360 0.0200
0.3370 0.0197
0.3380 0.0194
0.3390 0.0190
0.3400 0.0187
0.3410 0.0184
0.3420 0.0180
0.3430 0.0177
0.3440 0.0174
0.3450 0.0171
0.3460 0.0167
0.3470 0.0164
0.3480 0.0161
0.3490 0.0158
0.3500 0.0154
0.3510 0.0151
0.3520 0.0148
0.3530 0.0145
0.3540 0.0141
0.3550 0.0138
0.3560 0.0135
0.3570 0.0132
0.3580 0.0129
0.3590 0.0125
0.3600 0.0122
0.3610 0.0119
0.3620 0.0116
0.3630 0.0113
0.3640 0.0109
0.3650 0.0106
0.3660 0.0103
0.3670 0.0100
0.3680 0.0097
0.3690 0.0094
0.3700 0.0091
0.3710 0.0088
0.3720 0.0084
0.3730 0.0081
0.3740 0.0078
0.3750 0.0075
0.3760 0.0072
0.3770 0.0069
0.3780 0.0066
0.3790 0.0063
0.3800 0.0060
0.3810 0.0057
0.3820 0.0054
0.3830 0.0050
0.3840 0.0047
0.3850 0.0044
0.3860 0.0041
0.3870 0.0038
0.3880 0.0035
0.3890 0.0032
0.3900 0.0029
0.3910 0.0026
0.3920 0.0023
0.3930 0.0020
0.3940 0.0017
0.3950 0.0014
0.3960 0.0011
0.3970 0.0008
0.3980 0.0006
0.3990 0.0003
0.4000 0.0000
