0.0000 1.0000
0.0010 1.0000
0.0020 1.0000
0.0030 1.0000
0.0040 1.0000
0.0050 1.0000
0.0060 1.0000
0.0070 1.0000
0.0080 1.0000
0.0090 1.0000
0.0100 1.0000
0.0110 1.0000
0.0120 1.0000
0.0130 1.0000
0.0140 1.0000
0.0150 1.0000
0.0160 1.0000
0.0170 1.0000
0.0180 1.0000
0.0190 1.0000
0.0200 1.0000
0.0210 1.0000
0.0220 1.0000
0.0230 1.0000
0.0240 1.0000
0.0250 1.0000
0.0260 1.0000
0.0270 1.0000
0.0280 1.0000
0.0290 1.0000
0.0300 1.0000
0.0310 1.0000
0.0320 1.0000
0.0330 1.0000
0.0340 1.0000
0.0350 1.0000
0.0360 1.0000
0.0370 1.0000
0.0380 1.0000
0.0390 1.0000
0.0400 1.0000
0.0410 1.0000
0.0420 1.0000
0.0430 1.0000
0.0440 1.0000
0.0450 1.0000
0.0460 1.0000
0.0470 1.0000
0.0480 1.0000
0.0490 1.0000
0.0500 1.0000
0.0510 1.0000
0.0520 1.0000
0.0530 1.0000
0.0540 1.0000
0.0550 1.0000
0.0560 1.0000
0.0570 1.0000
0.0580 1.0000
0.0590 1.0000
0.0600 1.0000
0.0610 1.0000
0.0620 1.0000
0.0630 1.0000
0.0640 1.0000
0.0650 1.0000
0.0660 1.0000
0.0670 1.0000
0.0680 1.0000
0.0690 1.0000
0.0700 1.0000
0.0710 1.0000
0.0720 1.0000
0.0730 1.0000
0.0740 1.0000
0.0750 1.0000
0.0760 1.0000
0.0770 1.0000
0.0780 1.0000
0.0790 1.0000
0.0800 1.0000
0.0810 1.0000
0.0820 1.0000
0.0830 1.0000
0.0840 1.0000
0.0850 1.0000
0.0860 1.0000
0.0870 1.0000
0.0880 1.0000
0.0890 1.0000
0.0900 1.0000
0.0910 1.0000
0.0920 1.0000
0.0930 1.0000
0.0940 1.0000
0.0950 1.0000
0.0960 1.0000
0.0970 1.0000
0.0980 1.0000
0.0990 1.0000
0.1000 1.0000
0.1010 1.0000
0.1020 1.0000
0.1030 1.0000
0.1040 1.0000
0.1050 1.0001
0.1060 0.9993
0.1070 1.0031
0.1080 0.9865
0.1090 1.0567
0.1100 0.7457
0.1110 0.2002
0.1120 0.1274
0.1130 0.1171
0.1140 0.1765
0.1150 0.1622
0.1160 0.1832
0.1170 0.1643
0.1180 0.2078
0.1190 0.1691
0.1200 0.1950
0.1210 0.1781
0.1220 0.1961
0.1230 0.1839
0.1240 0.1886
0.1250 0.1857
0.1260 0.1887
0.1270 0.1858
0.1280 0.1861
0.1290 0.1854
0.1300 0.1843
0.1310 0.1838
0.1320 0.1828
0.1330 0.1818
0.1340 0.1807
0.1350 0.1797
0.1360 0.1783
0.1370 0.1776
0.1380 0.1753
0.1390 0.1757
0.1400 0.1721
0.1410 0.1735
0.1420 0.1693
0.1430 0.1703
0.1440 0.1672
0.1450 0.1667
0.1460 0.1650
0.1470 0.1634
0.1480 0.1622
0.1490 0.1605
0.1500 0.1592
0.1510 0.1576
0.1520 0.1562
0.1530 0.1547
0.1540 0.1533
0.1550 0.1518
0.1560 0.1504
0.1570 0.1489
0.1580 0.1475
0.1590 0.1460
0.1600 0.1446
0.1610 0.1432
0.1620 0.1418
0.1630 0.1404
0.1640 0.1390
0.1650 0.1376
0.1660 0.1363
0.1670 0.1349
0.1680 0.1336
0.1690 0.1323
0.1700 0.1310
0.1710 0.1297
0.1720 0.1284
0.1730 0.1271
0.1740 0.1258
0.1750 0.1246
0.1760 0.1234
0.1770 0.1222
0.1780 0.1209
0.1790 0.1198
0.1800 0.1186
0.1810 0.1174
0.1820 0.1163
0.1830 0.1151
0.1840 0.1140
0.1850 0.1129
0.1860 0.1118
0.1870 0.1107
0.1880 0.1096
0.1890 0.1086
0.1900 0.1075
0.1910 0.1065
0.1920 0.1055
0.1930 0.1044
0.1940 0.1034
0.1950 0.1025
0.1960 0.1015
0.1970 0.1005
0.1980 0.0996
0.1990 0.0986
0.2000 0.0977
0.2010 0.0967
0.2020 0.0958
0.2030 0.0949
0.2040 0.0940
0.2050 0.0931
0.2060 0.0923
0.2070 0.0914
0.2080 0.0905
0.2090 0.0897
0.2100 0.0889
0.2110 0.0880
0.2120 0.0872
0.2130 0.0864
0.2140 0.0856
0.2150 0.0848
0.2160 0.0840
0.2170 0.0832
0.2180 0.0824
0.2190 0.0817
0.2200 0.0809
0.2210 0.0802
0.2220 0.0794
0.2230 0.0787
0.2240 0.0780
0.2250 0.0772
0.2260 0.0765
0.2270 0.0758
0.2280 0.0751
0.2290 0.0744
0.2300 0.0737
0.2310 0.0730
0.2320 0.0723
0.2330 0.0717
0.2340 0.0710
0.2350 0.0703
0.2360 0.0697
0.2370 0.0690
0.2380 0.0684
0.2390 0.0678
0.2400 0.0671
0.2410 0.0665
0.2420 0.0659
0.2430 0.0652
0.2440 0.0646
0.2450 0.0640
0.2460 0.0634
0.2470 0.0628
0.2480 0.0622
0.2490 0.0616
0.2500 0.0610
0.2510 0.0604
0.2520 0.0599
0.2530 0.0593
0.2540 0.0587
0.2550 0.0581
0.2560 0.0576
0.2570 0.0570
0.2580 0.0565
0.2590 0.0559
0.2600 0.0554
0.2610 0.0548
0.2620 0.0543
0.2630 0.0537
0.2640 0.0532
0.2650 0.0527
0.2660 0.0522
0.2670 0.0516
0.2680 0.0511
0.2690 0.0506
0.2700 0.0501
0.2710 0.0496
0.2720 0.0491
0.2730 0.0486
0.2740 0.0481
0.2750 0.0476
0.2760 0.0471
0.2770 0.0466
0.2780 0.0461
0.2790 0.0456
0.2800 0.0451
0.2810 0.0446
0.2820 0.0441
0.2830 0.0437
0.2840 0.0432
0.2850 0.0427
0.2860 0.0423
0.2870 0.0418
0.2880 0.0413
0.2890 0.0409
0.2900 0.0404
0.2910 0.0399
0.2920 0.0395
0.2930 0.0390
0.2940 0.0386
0.2950 0.0381
0.2960 0.0377
0.2970 0.0373
0.2980 0.0368
0.2990 0.0364
0.3000 0.0359
0.3010 0.0355
0.3020 0.0351
0.3030 0.0346
0.3040 0.0342
0.3050 0.0338
0.3060 0.0334
0.3070 0.0329
0.3080 0.0325
0.3090 0.0321
0.3100 0.0317
0.3110 0.0313
0.3120 0.0309
0.3130 0.0304
0.3140 0.0300
0.3150 0.0296
0.3160 0.0292
0.3170 0.0288
0.3180 0.0284
0.3190 0.0280
0.3200 0.0276
0.3210 0.0272
0.3220 0.0268
0.3230 0.0264
0.3240 0.0260
0.3250 0.0257
0.3260 0.0253
0.3270 0.0249
0.3280 0.0245
0.3290 0.0241
0.3300 0.0237
0.3310 0.0233
0.3320 0.0230
0.3330 0.0226
0.3340 0.0222
0.3350 0.0218
0.3360 0.0215
0.3370 0.0211
0.3380 0.0207
0.3390 0.0203
0.3400 0.0200
0.3410 0.0196
0.3420 0.0192
0.3430 0.0189
0.3440 0.0185
0.3450 0.0182
0.3460 0.0178
0.3470 0.0174
0.3480 0.0171
0.3490 0.0167
0.3500 0.0164
0.3510 0.0160
0.3520 0.0157
0.3530 0.0153
0.3540 0.0150
0.3550 0.0146
0.3560 0.0143
0.3570 0.0139
0.3580 0.0136
0.3590 0.0132
0.3600 0.0129
0.3610 0.0125
0.3620 0.0122
0.3630 0.0119
0.3640 0.0115
0.3650 0.0112
0.3660 0.0108
0.3670 0.0105
0.3680 0.0102
0.3690 0.0098
0.3700 0.0095
0.3710 0.0092
0.3720 0.0088
0.3730 0.0085
0.3740 0.0082
0.3750 0.0079
0.3760 0.0075
0.3770 0.0072
0.3780 0.0069
0.3790 0.0066
0.3800 0.0062
0.3810 0.0059
0.3820 0.0056
0.3830 0.0053
0.3840 0.0049
0.3850 0.0046
0.3860 0.0043
0.3870 0.0040
0.3880 0.0037
0.3890 0.0034
0.3900 0.0031
0.3910 0.0027
0.3920 0.0024
0.3930 0.0021
0.3940 0.0018
0.3950 0.0015
0.3960 0.0012
0.3970 0.0009
0.3980 0.0006
0.3990 0.0003
0.4000 0.0000
