     0.0005    0.5536
    0.0015    0.5536
    0.0025    0.5536
    0.0035    0.5536
    0.0045    0.5536
    0.0055    0.5536
    0.0065    0.5536
    0.0075    0.5536
    0.0085    0.5538
    0.0095    0.5540
    0.0105    0.5545
    0.0115    0.5548
    0.0125    0.5550
    0.0135    0.5553
    0.0145    0.5559
    0.0155    0.5567
    0.0165    0.5578
    0.0175    0.5589
    0.0185    0.5598
    0.0195    0.5606
    0.0205    0.5612
    0.0215    0.5616
    0.0225    0.5621
    0.0235    0.5628
    0.0245    0.5635
    0.0255    0.5644
    0.0265    0.5653
    0.0275    0.5662
    0.0285    0.5671
    0.0295    0.5681
    0.0305    0.5691
    0.0315    0.5702
    0.0325    0.5713
    0.0335    0.5725
    0.0345    0.5737
    0.0355    0.5749
    0.0365    0.5761
    0.0375    0.5773
    0.0385    0.5785
    0.0395    0.5797
    0.0405    0.5808
    0.0415    0.5820
    0.0425    0.5832
    0.0435    0.5844
    0.0445    0.5856
    0.0455    0.5869
    0.0465    0.5882
    0.0475    0.5896
    0.0485    0.5910
    0.0495    0.5924
    0.0505    0.5938
    0.0515    0.5953
    0.0525    0.5967
    0.0535    0.5982
    0.0545    0.5997
    0.0555    0.6011
    0.0565    0.6026
    0.0575    0.6040
    0.0585    0.6055
    0.0595    0.6069
    0.0605    0.6084
    0.0615    0.6098
    0.0625    0.6112
    0.0635    0.6126
    0.0645    0.6140
    0.0655    0.6153
    0.0665    0.6167
    0.0675    0.6180
    0.0685    0.6194
    0.0695    0.6207
    0.0705    0.6220
    0.0715    0.6233
    0.0725    0.6246
    0.0735    0.6259
    0.0745    0.6272
    0.0755    0.6285
    0.0765    0.6298
    0.0775    0.6311
    0.0785    0.6323
    0.0795    0.6336
    0.0805    0.6348
    0.0815    0.6361
    0.0825    0.6373
    0.0835    0.6386
    0.0845    0.6398
    0.0855    0.6410
    0.0865    0.6422
    0.0875    0.6435
    0.0885    0.6447
    0.0895    0.6459
    0.0905    0.6470
    0.0915    0.6482
    0.0925    0.6494
    0.0935    0.6506
    0.0945    0.6517
    0.0955    0.6529
    0.0965    0.6540
    0.0975    0.6552
    0.0985    0.6563
    0.0995    0.6575
    0.1005    0.6586
    0.1015    0.6598
    0.1025    0.6609
    0.1035    0.6620
    0.1045    0.6632
    0.1055    0.6643
    0.1065    0.6654
    0.1075    0.6665
    0.1085    0.6676
    0.1095    0.6687
    0.1105    0.6699
    0.1115    0.6710
    0.1125    0.6721
    0.1135    0.6732
    0.1145    0.6743
    0.1155    0.6753
    0.1165    0.6764
    0.1175    0.6775
    0.1185    0.6786
    0.1195    0.6797
    0.1205    0.6807
    0.1215    0.6818
    0.1225    0.6828
    0.1235    0.6839
    0.1245    0.6849
    0.1255    0.6860
    0.1265    0.6870
    0.1275    0.6880
    0.1285    0.6891
    0.1295    0.6901
    0.1305    0.6911
    0.1315    0.6921
    0.1325    0.6931
    0.1335    0.6941
    0.1345    0.6951
    0.1355    0.6960
    0.1365    0.6970
    0.1375    0.6980
    0.1385    0.6989
    0.1395    0.6999
    0.1405    0.7009
    0.1415    0.7018
    0.1425    0.7027
    0.1435    0.7037
    0.1445    0.7046
    0.1455    0.7055
    0.1465    0.7064
    0.1475    0.7074
    0.1485    0.7083
    0.1495    0.7092
    0.1505    0.7101
    0.1515    0.7110
    0.1525    0.7118
    0.1535    0.7127
    0.1545    0.7136
    0.1555    0.7145
    0.1565    0.7153
    0.1575    0.7162
    0.1585    0.7170
    0.1595    0.7179
    0.1605    0.7187
    0.1615    0.7196
    0.1625    0.7204
    0.1635    0.7212
    0.1645    0.7220
    0.1655    0.7228
    0.1665    0.7237
    0.1675    0.7245
    0.1685    0.7253
    0.1695    0.7261
    0.1705    0.7268
    0.1715    0.7276
    0.1725    0.7284
    0.1735    0.7292
    0.1745    0.7299
    0.1755    0.7307
    0.1765    0.7315
    0.1775    0.7322
    0.1785    0.7330
    0.1795    0.7337
    0.1805    0.7345
    0.1815    0.7352
    0.1825    0.7359
    0.1835    0.7366
    0.1845    0.7374
    0.1855    0.7381
    0.1865    0.7388
    0.1875    0.7395
    0.1885    0.7402
    0.1895    0.7409
    0.1905    0.7416
    0.1915    0.7423
    0.1925    0.7430
    0.1935    0.7437
    0.1945    0.7443
    0.1955    0.7450
    0.1965    0.7457
    0.1975    0.7463
    0.1985    0.7470
    0.1995    0.7476
    0.2005    0.7483
    0.2015    0.7489
    0.2025    0.7496
    0.2035    0.7502
    0.2045    0.7509
    0.2055    0.7515
    0.2065    0.7521
    0.2075    0.7527
    0.2085    0.7534
    0.2095    0.7540
    0.2105    0.7546
    0.2115    0.7552
    0.2125    0.7558
    0.2135    0.7564
    0.2145    0.7570
    0.2155    0.7576
    0.2165    0.7581
    0.2175    0.7587
    0.2185    0.7593
    0.2195    0.7599
    0.2205    0.7604
    0.2215    0.7610
    0.2225    0.7616
    0.2235    0.7621
    0.2245    0.7627
    0.2255    0.7632
    0.2265    0.7638
    0.2275    0.7643
    0.2285    0.7649
    0.2295    0.7654
    0.2305    0.7659
    0.2315    0.7665
    0.2325    0.7670
    0.2335    0.7675
    0.2345    0.7680
    0.2355    0.7685
    0.2365    0.7690
    0.2375    0.7696
    0.2385    0.7701
    0.2395    0.7706
    0.2405    0.7711
    0.2415    0.7715
    0.2425    0.7720
    0.2435    0.7725
    0.2445    0.7730
    0.2455    0.7735
    0.2465    0.7740
    0.2475    0.7744
    0.2485    0.7749
    0.2495    0.7754
    0.2505    0.7758
    0.2515    0.7763
    0.2525    0.7768
    0.2535    0.7772
    0.2545    0.7777
    0.2555    0.7781
    0.2565    0.7786
    0.2575    0.7790
    0.2585    0.7795
    0.2595    0.7799
    0.2605    0.7803
    0.2615    0.7808
    0.2625    0.7812
    0.2635    0.7816
    0.2645    0.7820
    0.2655    0.7825
    0.2665    0.7829
    0.2675    0.7833
    0.2685    0.7837
    0.2695    0.7841
    0.2705    0.7845
    0.2715    0.7849
    0.2725    0.7853
    0.2735    0.7857
    0.2745    0.7861
    0.2755    0.7865
    0.2765    0.7869
    0.2775    0.7873
    0.2785    0.7877
    0.2795    0.7881
    0.2805    0.7885
    0.2815    0.7889
    0.2825    0.7892
    0.2835    0.7896
    0.2845    0.7900
    0.2855    0.7904
    0.2865    0.7907
    0.2875    0.7911
    0.2885    0.7915
    0.2895    0.7918
    0.2905    0.7922
    0.2915    0.7926
    0.2925    0.7929
    0.2935    0.7933
    0.2945    0.7936
    0.2955    0.7940
    0.2965    0.7943
    0.2975    0.7947
    0.2985    0.7950
    0.2995    0.7954
    0.3005    0.7957
    0.3015    0.7960
    0.3025    0.7964
    0.3035    0.7967
    0.3045    0.7971
    0.3055    0.7974
    0.3065    0.7977
    0.3075    0.7980
    0.3085    0.7984
    0.3095    0.7987
    0.3105    0.7990
    0.3115    0.7993
    0.3125    0.7997
    0.3135    0.8000
    0.3145    0.8003
    0.3155    0.8006
    0.3165    0.8009
    0.3175    0.8012
    0.3185    0.8015
    0.3195    0.8018
    0.3205    0.8022
    0.3215    0.8025
    0.3225    0.8028
    0.3235    0.8031
    0.3245    0.8034
    0.3255    0.8037
    0.3265    0.8040
    0.3275    0.8042
    0.3285    0.8045
    0.3295    0.8048
    0.3305    0.8051
    0.3315    0.8054
    0.3325    0.8057
    0.3335    0.8060
    0.3345    0.8063
    0.3355    0.8065
    0.3365    0.8068
    0.3375    0.8071
    0.3385    0.8074
    0.3395    0.8076
    0.3405    0.8079
    0.3415    0.8082
    0.3425    0.8085
    0.3435    0.8087
    0.3445    0.8090
    0.3455    0.8093
    0.3465    0.8095
    0.3475    0.8098
    0.3485    0.8100
    0.3495    0.8103
    0.3505    0.8105
    0.3515    0.8108
    0.3525    0.8110
    0.3535    0.8113
    0.3545    0.8115
    0.3555    0.8118
    0.3565    0.8120
    0.3575    0.8123
    0.3585    0.8125
    0.3595    0.8127
    0.3605    0.8129
    0.3615    0.8132
    0.3625    0.8134
    0.3635    0.8136
    0.3645    0.8138
    0.3655    0.8140
    0.3665    0.8142
    0.3675    0.8144
    0.3685    0.8146
    0.3695    0.8148
    0.3705    0.8150
    0.3715    0.8152
    0.3725    0.8154
    0.3735    0.8156
    0.3745    0.8157
    0.3755    0.8159
    0.3765    0.8160
    0.3775    0.8162
    0.3785    0.8163
    0.3795    0.8165
    0.3805    0.8166
    0.3815    0.8167
    0.3825    0.8168
    0.3835    0.8169
    0.3845    0.8170
    0.3855    0.8171
    0.3865    0.8172
    0.3875    0.8173
    0.3885    0.8173
    0.3895    0.8174
    0.3905    0.8174
    0.3915    0.8175
    0.3925    0.8175
    0.3935    0.8175
    0.3945    0.8175
    0.3955    0.8175
    0.3965    0.8175
    0.3975    0.8174
    0.3985    0.8174
    0.3995    0.8173
