   0.0005    0.5536
    0.0015    0.5536
    0.0025    0.5536
    0.0035    0.5536
    0.0045    0.5536
    0.0055    0.5536
    0.0065    0.5535
    0.0075    0.5535
    0.0085    0.5535
    0.0095    0.5535
    0.0105    0.5535
    0.0115    0.5535
    0.0125    0.5535
    0.0135    0.5534
    0.0145    0.5534
    0.0155    0.5534
    0.0165    0.5534
    0.0175    0.5534
    0.0185    0.5534
    0.0195    0.5533
    0.0205    0.5533
    0.0215    0.5533
    0.0225    0.5533
    0.0235    0.5533
    0.0245    0.5533
    0.0255    0.5532
    0.0265    0.5532
    0.0275    0.5532
    0.0285    0.5532
    0.0295    0.5532
    0.0305    0.5532
    0.0315    0.5532
    0.0325    0.5531
    0.0335    0.5531
    0.0345    0.5531
    0.0355    0.5531
    0.0365    0.5531
    0.0375    0.5531
    0.0385    0.5530
    0.0395    0.5530
    0.0405    0.5530
    0.0415    0.5530
    0.0425    0.5530
    0.0435    0.5530
    0.0445    0.5529
    0.0455    0.5529
    0.0465    0.5529
    0.0475    0.5529
    0.0485    0.5529
    0.0495    0.5529
    0.0505    0.5529
    0.0515    0.5528
    0.0525    0.5528
    0.0535    0.5528
    0.0545    0.5528
    0.0555    0.5528
    0.0565    0.5528
    0.0575    0.5527
    0.0585    0.5527
    0.0595    0.5527
    0.0605    0.5527
    0.0615    0.5527
    0.0625    0.5527
    0.0635    0.5527
    0.0645    0.5526
    0.0655    0.5526
    0.0665    0.5526
    0.0675    0.5526
    0.0685    0.5526
    0.0695    0.5526
    0.0705    0.5525
    0.0715    0.5525
    0.0725    0.5525
    0.0735    0.5525
    0.0745    0.5525
    0.0755    0.5525
    0.0765    0.5524
    0.0775    0.5524
    0.0785    0.5524
    0.0795    0.5524
    0.0805    0.5524
    0.0815    0.5524
    0.0825    0.5524
    0.0835    0.5523
    0.0845    0.5523
    0.0855    0.5523
    0.0865    0.5523
    0.0875    0.5523
    0.0885    0.5523
    0.0895    0.5522
    0.0905    0.5522
    0.0915    0.5522
    0.0925    0.5522
    0.0935    0.5522
    0.0945    0.5522
    0.0955    0.5522
    0.0965    0.5521
    0.0975    0.5521
    0.0985    0.5521
    0.0995    0.5521
    0.1005    0.5521
    0.1015    0.5521
    0.1025    0.5520
    0.1035    0.5520
    0.1045    0.5520
    0.1055    0.5520
    0.1065    0.5520
    0.1075    0.5520
    0.1085    0.5520
    0.1095    0.5519
    0.1105    0.5519
    0.1115    0.5519
    0.1125    0.5519
    0.1135    0.5519
    0.1145    0.5521
    0.1155    0.5528
    0.1165    0.5543
    0.1175    0.5558
    0.1185    0.5565
    0.1195    0.5564
    0.1205    0.5559
    0.1215    0.5558
    0.1225    0.5561
    0.1235    0.5567
    0.1245    0.5574
    0.1255    0.5581
    0.1265    0.5589
    0.1275    0.5598
    0.1285    0.5606
    0.1295    0.5615
    0.1305    0.5623
    0.1315    0.5632
    0.1325    0.5641
    0.1335    0.5650
    0.1345    0.5660
    0.1355    0.5669
    0.1365    0.5679
    0.1375    0.5688
    0.1385    0.5698
    0.1395    0.5708
    0.1405    0.5718
    0.1415    0.5728
    0.1425    0.5738
    0.1435    0.5748
    0.1445    0.5758
    0.1455    0.5768
    0.1465    0.5778
    0.1475    0.5789
    0.1485    0.5799
    0.1495    0.5809
    0.1505    0.5820
    0.1515    0.5830
    0.1525    0.5841
    0.1535    0.5851
    0.1545    0.5862
    0.1555    0.5872
    0.1565    0.5883
    0.1575    0.5894
    0.1585    0.5904
    0.1595    0.5915
    0.1605    0.5925
    0.1615    0.5936
    0.1625    0.5947
    0.1635    0.5957
    0.1645    0.5968
    0.1655    0.5978
    0.1665    0.5989
    0.1675    0.5999
    0.1685    0.6009
    0.1695    0.6020
    0.1705    0.6030
    0.1715    0.6040
    0.1725    0.6050
    0.1735    0.6060
    0.1745    0.6070
    0.1755    0.6080
    0.1765    0.6090
    0.1775    0.6100
    0.1785    0.6110
    0.1795    0.6120
    0.1805    0.6129
    0.1815    0.6139
    0.1825    0.6149
    0.1835    0.6158
    0.1845    0.6168
    0.1855    0.6177
    0.1865    0.6187
    0.1875    0.6196
    0.1885    0.6206
    0.1895    0.6215
    0.1905    0.6224
    0.1915    0.6234
    0.1925    0.6243
    0.1935    0.6252
    0.1945    0.6261
    0.1955    0.6270
    0.1965    0.6279
    0.1975    0.6288
    0.1985    0.6297
    0.1995    0.6306
    0.2005    0.6315
    0.2015    0.6324
    0.2025    0.6332
    0.2035    0.6341
    0.2045    0.6350
    0.2055    0.6358
    0.2065    0.6367
    0.2075    0.6375
    0.2085    0.6384
    0.2095    0.6392
    0.2105    0.6401
    0.2115    0.6409
    0.2125    0.6417
    0.2135    0.6425
    0.2145    0.6433
    0.2155    0.6441
    0.2165    0.6449
    0.2175    0.6457
    0.2185    0.6465
    0.2195    0.6473
    0.2205    0.6481
    0.2215    0.6488
    0.2225    0.6496
    0.2235    0.6503
    0.2245    0.6511
    0.2255    0.6518
    0.2265    0.6526
    0.2275    0.6533
    0.2285    0.6540
    0.2295    0.6548
    0.2305    0.6555
    0.2315    0.6562
    0.2325    0.6569
    0.2335    0.6576
    0.2345    0.6583
    0.2355    0.6590
    0.2365    0.6597
    0.2375    0.6604
    0.2385    0.6611
    0.2395    0.6617
    0.2405    0.6624
    0.2415    0.6631
    0.2425    0.6637
    0.2435    0.6644
    0.2445    0.6650
    0.2455    0.6657
    0.2465    0.6663
    0.2475    0.6670
    0.2485    0.6676
    0.2495    0.6682
    0.2505    0.6688
    0.2515    0.6694
    0.2525    0.6701
    0.2535    0.6707
    0.2545    0.6713
    0.2555    0.6719
    0.2565    0.6725
    0.2575    0.6731
    0.2585    0.6736
    0.2595    0.6742
    0.2605    0.6748
    0.2615    0.6754
    0.2625    0.6759
    0.2635    0.6765
    0.2645    0.6771
    0.2655    0.6776
    0.2665    0.6782
    0.2675    0.6787
    0.2685    0.6793
    0.2695    0.6798
    0.2705    0.6804
    0.2715    0.6809
    0.2725    0.6815
    0.2735    0.6820
    0.2745    0.6825
    0.2755    0.6830
    0.2765    0.6836
    0.2775    0.6841
    0.2785    0.6846
    0.2795    0.6851
    0.2805    0.6856
    0.2815    0.6861
    0.2825    0.6866
    0.2835    0.6871
    0.2845    0.6876
    0.2855    0.6881
    0.2865    0.6886
    0.2875    0.6891
    0.2885    0.6895
    0.2895    0.6900
    0.2905    0.6905
    0.2915    0.6910
    0.2925    0.6914
    0.2935    0.6919
    0.2945    0.6924
    0.2955    0.6928
    0.2965    0.6933
    0.2975    0.6937
    0.2985    0.6942
    0.2995    0.6946
    0.3005    0.6951
    0.3015    0.6955
    0.3025    0.6960
    0.3035    0.6964
    0.3045    0.6968
    0.3055    0.6973
    0.3065    0.6977
    0.3075    0.6981
    0.3085    0.6985
    0.3095    0.6990
    0.3105    0.6994
    0.3115    0.6998
    0.3125    0.7002
    0.3135    0.7006
    0.3145    0.7010
    0.3155    0.7014
    0.3165    0.7018
    0.3175    0.7022
    0.3185    0.7026
    0.3195    0.7030
    0.3205    0.7034
    0.3215    0.7038
    0.3225    0.7042
    0.3235    0.7046
    0.3245    0.7050
    0.3255    0.7054
    0.3265    0.7057
    0.3275    0.7061
    0.3285    0.7065
    0.3295    0.7069
    0.3305    0.7072
    0.3315    0.7076
    0.3325    0.7080
    0.3335    0.7083
    0.3345    0.7087
    0.3355    0.7091
    0.3365    0.7094
    0.3375    0.7098
    0.3385    0.7101
    0.3395    0.7105
    0.3405    0.7108
    0.3415    0.7112
    0.3425    0.7115
    0.3435    0.7119
    0.3445    0.7122
    0.3455    0.7126
    0.3465    0.7129
    0.3475    0.7132
    0.3485    0.7136
    0.3495    0.7139
    0.3505    0.7142
    0.3515    0.7146
    0.3525    0.7149
    0.3535    0.7152
    0.3545    0.7156
    0.3555    0.7159
    0.3565    0.7162
    0.3575    0.7165
    0.3585    0.7168
    0.3595    0.7172
    0.3605    0.7175
    0.3615    0.7178
    0.3625    0.7181
    0.3635    0.7184
    0.3645    0.7187
    0.3655    0.7190
    0.3665    0.7193
    0.3675    0.7196
    0.3685    0.7199
    0.3695    0.7202
    0.3705    0.7205
    0.3715    0.7208
    0.3725    0.7211
    0.3735    0.7214
    0.3745    0.7217
    0.3755    0.7220
    0.3765    0.7222
    0.3775    0.7225
    0.3785    0.7228
    0.3795    0.7230
    0.3805    0.7233
    0.3815    0.7235
    0.3825    0.7238
    0.3835    0.7240
    0.3845    0.7243
    0.3855    0.7245
    0.3865    0.7247
    0.3875    0.7249
    0.3885    0.7251
    0.3895    0.7253
    0.3905    0.7254
    0.3915    0.7256
    0.3925    0.7257
    0.3935    0.7258
    0.3945    0.7259
    0.3955    0.7260
    0.3965    0.7260
    0.3975    0.7260
    0.3985    0.7260
    0.3995    0.7260
