0.0000 1.0000
0.0010 1.0000
0.0020 1.0000
0.0030 1.0000
0.0040 1.0000
0.0050 1.0000
0.0060 1.0000
0.0070 1.0000
0.0080 1.0000
0.0090 1.0000
0.0100 1.0000
0.0110 1.0000
0.0120 1.0000
0.0130 1.0000
0.0140 1.0000
0.0150 1.0000
0.0160 1.0000
0.0170 1.0000
0.0180 1.0000
0.0190 1.0000
0.0200 1.0000
0.0210 1.0000
0.0220 1.0000
0.0230 1.0000
0.0240 1.0000
0.0250 1.0000
0.0260 1.0000
0.0270 1.0000
0.0280 1.0000
0.0290 1.0000
0.0300 1.0000
0.0310 1.0000
0.0320 1.0000
0.0330 1.0000
0.0340 1.0000
0.0350 1.0000
0.0360 1.0000
0.0370 1.0000
0.0380 1.0000
0.0390 1.0000
0.0400 1.0000
0.0410 1.0000
0.0420 1.0000
0.0430 1.0000
0.0440 1.0000
0.0450 1.0000
0.0460 1.0000
0.0470 1.0000
0.0480 1.0000
0.0490 1.0000
0.0500 1.0000
0.0510 1.0000
0.0520 1.0000
0.0530 1.0000
0.0540 1.0000
0.0550 1.0000
0.0560 1.0000
0.0570 1.0000
0.0580 1.0000
0.0590 1.0000
0.0600 1.0000
0.0610 1.0000
0.0620 1.0000
0.0630 1.0000
0.0640 1.0000
0.0650 1.0000
0.0660 1.0000
0.0670 1.0000
0.0680 1.0000
0.0690 1.0000
0.0700 1.0000
0.0710 1.0000
0.0720 1.0000
0.0730 1.0000
0.0740 1.0000
0.0750 1.0000
0.0760 1.0000
0.0770 1.0000
0.0780 1.0000
0.0790 1.0000
0.0800 1.0000
0.0810 1.0000
0.0820 1.0000
0.0830 1.0000
0.0840 1.0000
0.0850 1.0000
0.0860 1.0000
0.0870 1.0000
0.0880 1.0000
0.0890 1.0000
0.0900 1.0000
0.0910 1.0000
0.0920 1.0000
0.0930 1.0000
0.0940 1.0000
0.0950 1.0000
0.0960 1.0000
0.0970 1.0000
0.0980 1.0000
0.0990 1.0000
0.1000 1.0000
0.1010 1.0000
0.1020 1.0000
0.1030 1.0000
0.1040 1.0000
0.1050 1.0000
0.1060 1.0000
0.1070 1.0000
0.1080 1.0000
0.1090 1.0000
0.1100 1.0001
0.1110 0.9995
0.1120 0.9996
0.1130 0.9939
0.1140 0.9939
0.1150 0.9978
0.1160 0.9922
0.1170 0.9979
0.1180 0.9966
0.1190 0.9915
0.1200 0.9841
0.1210 0.9890
0.1220 0.9918
0.1230 0.9908
0.1240 0.9893
0.1250 0.9880
0.1260 0.9867
0.1270 0.9853
0.1280 0.9839
0.1290 0.9828
0.1300 0.9816
0.1310 0.9803
0.1320 0.9789
0.1330 0.9773
0.1340 0.9754
0.1350 0.9729
0.1360 0.9710
0.1370 0.9703
0.1380 0.9694
0.1390 0.9672
0.1400 0.9644
0.1410 0.9618
0.1420 0.9601
0.1430 0.9598
0.1440 0.9597
0.1450 0.9589
0.1460 0.9574
0.1470 0.9560
0.1480 0.9545
0.1490 0.9531
0.1500 0.9517
0.1510 0.9502
0.1520 0.9486
0.1530 0.9471
0.1540 0.9456
0.1550 0.9441
0.1560 0.9426
0.1570 0.9411
0.1580 0.9395
0.1590 0.9380
0.1600 0.9365
0.1610 0.9349
0.1620 0.9334
0.1630 0.9318
0.1640 0.9303
0.1650 0.9288
0.1660 0.9272
0.1670 0.9256
0.1680 0.9240
0.1690 0.9224
0.1700 0.9208
0.1710 0.9193
0.1720 0.9177
0.1730 0.9162
0.1740 0.9147
0.1750 0.9131
0.1760 0.9117
0.1770 0.9102
0.1780 0.9087
0.1790 0.9072
0.1800 0.9057
0.1810 0.9042
0.1820 0.9027
0.1830 0.9011
0.1840 0.8996
0.1850 0.8981
0.1860 0.8967
0.1870 0.8953
0.1880 0.8940
0.1890 0.8926
0.1900 0.8913
0.1910 0.8899
0.1920 0.8886
0.1930 0.8873
0.1940 0.8859
0.1950 0.8846
0.1960 0.8832
0.1970 0.8819
0.1980 0.8805
0.1990 0.8792
0.2000 0.8778
0.2010 0.8765
0.2020 0.8752
0.2030 0.8739
0.2040 0.8726
0.2050 0.8713
0.2060 0.8701
0.2070 0.8688
0.2080 0.8676
0.2090 0.8664
0.2100 0.8652
0.2110 0.8640
0.2120 0.8627
0.2130 0.8615
0.2140 0.8603
0.2150 0.8591
0.2160 0.8579
0.2170 0.8568
0.2180 0.8557
0.2190 0.8545
0.2200 0.8534
0.2210 0.8523
0.2220 0.8511
0.2230 0.8500
0.2240 0.8489
0.2250 0.8479
0.2260 0.8468
0.2270 0.8457
0.2280 0.8447
0.2290 0.8436
0.2300 0.8425
0.2310 0.8414
0.2320 0.8404
0.2330 0.8393
0.2340 0.8382
0.2350 0.8372
0.2360 0.8362
0.2370 0.8352
0.2380 0.8342
0.2390 0.8332
0.2400 0.8322
0.2410 0.8312
0.2420 0.8302
0.2430 0.8293
0.2440 0.8283
0.2450 0.8274
0.2460 0.8264
0.2470 0.8255
0.2480 0.8246
0.2490 0.8236
0.2500 0.8227
0.2510 0.8218
0.2520 0.8209
0.2530 0.8200
0.2540 0.8191
0.2550 0.8182
0.2560 0.8174
0.2570 0.8165
0.2580 0.8156
0.2590 0.8148
0.2600 0.8139
0.2610 0.8131
0.2620 0.8122
0.2630 0.8114
0.2640 0.8105
0.2650 0.8097
0.2660 0.8089
0.2670 0.8081
0.2680 0.8073
0.2690 0.8065
0.2700 0.8057
0.2710 0.8049
0.2720 0.8041
0.2730 0.8033
0.2740 0.8025
0.2750 0.8017
0.2760 0.8010
0.2770 0.8002
0.2780 0.7994
0.2790 0.7987
0.2800 0.7979
0.2810 0.7972
0.2820 0.7964
0.2830 0.7957
0.2840 0.7949
0.2850 0.7942
0.2860 0.7935
0.2870 0.7928
0.2880 0.7921
0.2890 0.7914
0.2900 0.7907
0.2910 0.7900
0.2920 0.7893
0.2930 0.7886
0.2940 0.7879
0.2950 0.7872
0.2960 0.7865
0.2970 0.7859
0.2980 0.7852
0.2990 0.7846
0.3000 0.7839
0.3010 0.7833
0.3020 0.7826
0.3030 0.7819
0.3040 0.7813
0.3050 0.7807
0.3060 0.7800
0.3070 0.7794
0.3080 0.7788
0.3090 0.7781
0.3100 0.7775
0.3110 0.7769
0.3120 0.7763
0.3130 0.7757
0.3140 0.7751
0.3150 0.7745
0.3160 0.7739
0.3170 0.7733
0.3180 0.7727
0.3190 0.7721
0.3200 0.7715
0.3210 0.7709
0.3220 0.7703
0.3230 0.7697
0.3240 0.7692
0.3250 0.7686
0.3260 0.7680
0.3270 0.7675
0.3280 0.7669
0.3290 0.7664
0.3300 0.7658
0.3310 0.7652
0.3320 0.7647
0.3330 0.7641
0.3340 0.7636
0.3350 0.7631
0.3360 0.7625
0.3370 0.7620
0.3380 0.7615
0.3390 0.7609
0.3400 0.7604
0.3410 0.7599
0.3420 0.7594
0.3430 0.7588
0.3440 0.7583
0.3450 0.7578
0.3460 0.7573
0.3470 0.7568
0.3480 0.7563
0.3490 0.7558
0.3500 0.7553
0.3510 0.7548
0.3520 0.7543
0.3530 0.7538
0.3540 0.7533
0.3550 0.7528
0.3560 0.7524
0.3570 0.7519
0.3580 0.7514
0.3590 0.7509
0.3600 0.7504
0.3610 0.7500
0.3620 0.7495
0.3630 0.7490
0.3640 0.7486
0.3650 0.7481
0.3660 0.7476
0.3670 0.7472
0.3680 0.7467
0.3690 0.7463
0.3700 0.7458
0.3710 0.7454
0.3720 0.7449
0.3730 0.7445
0.3740 0.7440
0.3750 0.7436
0.3760 0.7431
0.3770 0.7427
0.3780 0.7423
0.3790 0.7418
0.3800 0.7414
0.3810 0.7410
0.3820 0.7405
0.3830 0.7401
0.3840 0.7397
0.3850 0.7392
0.3860 0.7388
0.3870 0.7384
0.3880 0.7380
0.3890 0.7375
0.3900 0.7371
0.3910 0.7366
0.3920 0.7362
0.3930 0.7356
0.3940 0.7333
0.3950 0.7241
0.3960 0.6954
0.3970 0.6259
0.3980 0.4906
0.3990 0.2766
0.4000 0.0000
