0.0000 1.0000
0.0010 1.0001
0.0020 0.9997
0.0030 0.9994
0.0040 0.9981
0.0050 0.9981
0.0060 0.9955
0.0070 0.9881
0.0080 0.9878
0.0090 0.9966
0.0100 0.9962
0.0110 0.9946
0.0120 0.9932
0.0130 0.9925
0.0140 0.9916
0.0150 0.9905
0.0160 0.9895
0.0170 0.9885
0.0180 0.9875
0.0190 0.9865
0.0200 0.9853
0.0210 0.9840
0.0220 0.9828
0.0230 0.9815
0.0240 0.9802
0.0250 0.9788
0.0260 0.9769
0.0270 0.9741
0.0280 0.9712
0.0290 0.9693
0.0300 0.9684
0.0310 0.9676
0.0320 0.9665
0.0330 0.9650
0.0340 0.9633
0.0350 0.9615
0.0360 0.9598
0.0370 0.9583
0.0380 0.9567
0.0390 0.9552
0.0400 0.9537
0.0410 0.9521
0.0420 0.9505
0.0430 0.9489
0.0440 0.9472
0.0450 0.9456
0.0460 0.9439
0.0470 0.9423
0.0480 0.9406
0.0490 0.9389
0.0500 0.9372
0.0510 0.9354
0.0520 0.9336
0.0530 0.9319
0.0540 0.9302
0.0550 0.9285
0.0560 0.9267
0.0570 0.9247
0.0580 0.9222
0.0590 0.9192
0.0600 0.9158
0.0610 0.9126
0.0620 0.9098
0.0630 0.9078
0.0640 0.9064
0.0650 0.9054
0.0660 0.9046
0.0670 0.9036
0.0680 0.9025
0.0690 0.9010
0.0700 0.8993
0.0710 0.8975
0.0720 0.8958
0.0730 0.8942
0.0740 0.8926
0.0750 0.8911
0.0760 0.8895
0.0770 0.8880
0.0780 0.8865
0.0790 0.8849
0.0800 0.8834
0.0810 0.8819
0.0820 0.8803
0.0830 0.8788
0.0840 0.8772
0.0850 0.8755
0.0860 0.8737
0.0870 0.8718
0.0880 0.8697
0.0890 0.8675
0.0900 0.8654
0.0910 0.8635
0.0920 0.8617
0.0930 0.8601
0.0940 0.8586
0.0950 0.8573
0.0960 0.8560
0.0970 0.8549
0.0980 0.8538
0.0990 0.8527
0.1000 0.8515
0.1010 0.8502
0.1020 0.8488
0.1030 0.8474
0.1040 0.8459
0.1050 0.8445
0.1060 0.8431
0.1070 0.8417
0.1080 0.8402
0.1090 0.8386
0.1100 0.8369
0.1110 0.8352
0.1120 0.8334
0.1130 0.8317
0.1140 0.8300
0.1150 0.8283
0.1160 0.8268
0.1170 0.8252
0.1180 0.8237
0.1190 0.8223
0.1200 0.8209
0.1210 0.8197
0.1220 0.8186
0.1230 0.8176
0.1240 0.8166
0.1250 0.8155
0.1260 0.8143
0.1270 0.8131
0.1280 0.8119
0.1290 0.8106
0.1300 0.8093
0.1310 0.8080
0.1320 0.8067
0.1330 0.8053
0.1340 0.8040
0.1350 0.8026
0.1360 0.8012
0.1370 0.7999
0.1380 0.7985
0.1390 0.7972
0.1400 0.7959
0.1410 0.7947
0.1420 0.7936
0.1430 0.7926
0.1440 0.7917
0.1450 0.7908
0.1460 0.7899
0.1470 0.7890
0.1480 0.7881
0.1490 0.7871
0.1500 0.7861
0.1510 0.7851
0.1520 0.7841
0.1530 0.7830
0.1540 0.7820
0.1550 0.7809
0.1560 0.7799
0.1570 0.7789
0.1580 0.7779
0.1590 0.7768
0.1600 0.7758
0.1610 0.7748
0.1620 0.7738
0.1630 0.7727
0.1640 0.7717
0.1650 0.7707
0.1660 0.7697
0.1670 0.7686
0.1680 0.7676
0.1690 0.7666
0.1700 0.7655
0.1710 0.7645
0.1720 0.7635
0.1730 0.7625
0.1740 0.7615
0.1750 0.7606
0.1760 0.7596
0.1770 0.7586
0.1780 0.7576
0.1790 0.7567
0.1800 0.7557
0.1810 0.7547
0.1820 0.7538
0.1830 0.7528
0.1840 0.7518
0.1850 0.7509
0.1860 0.7500
0.1870 0.7491
0.1880 0.7482
0.1890 0.7473
0.1900 0.7464
0.1910 0.7455
0.1920 0.7447
0.1930 0.7438
0.1940 0.7429
0.1950 0.7421
0.1960 0.7412
0.1970 0.7403
0.1980 0.7394
0.1990 0.7386
0.2000 0.7377
0.2010 0.7368
0.2020 0.7360
0.2030 0.7351
0.2040 0.7343
0.2050 0.7334
0.2060 0.7326
0.2070 0.7318
0.2080 0.7310
0.2090 0.7302
0.2100 0.7294
0.2110 0.7286
0.2120 0.7278
0.2130 0.7270
0.2140 0.7262
0.2150 0.7254
0.2160 0.7246
0.2170 0.7239
0.2180 0.7231
0.2190 0.7223
0.2200 0.7216
0.2210 0.7208
0.2220 0.7201
0.2230 0.7194
0.2240 0.7186
0.2250 0.7179
0.2260 0.7172
0.2270 0.7165
0.2280 0.7157
0.2290 0.7150
0.2300 0.7143
0.2310 0.7136
0.2320 0.7129
0.2330 0.7121
0.2340 0.7114
0.2350 0.7107
0.2360 0.7100
0.2370 0.7094
0.2380 0.7087
0.2390 0.7080
0.2400 0.7073
0.2410 0.7066
0.2420 0.7060
0.2430 0.7053
0.2440 0.7047
0.2450 0.7040
0.2460 0.7034
0.2470 0.7027
0.2480 0.7021
0.2490 0.7014
0.2500 0.7008
0.2510 0.7002
0.2520 0.6995
0.2530 0.6989
0.2540 0.6983
0.2550 0.6977
0.2560 0.6971
0.2570 0.6965
0.2580 0.6959
0.2590 0.6953
0.2600 0.6947
0.2610 0.6941
0.2620 0.6935
0.2630 0.6929
0.2640 0.6923
0.2650 0.6917
0.2660 0.6912
0.2670 0.6906
0.2680 0.6900
0.2690 0.6894
0.2700 0.6889
0.2710 0.6883
0.2720 0.6878
0.2730 0.6872
0.2740 0.6866
0.2750 0.6861
0.2760 0.6855
0.2770 0.6850
0.2780 0.6844
0.2790 0.6839
0.2800 0.6833
0.2810 0.6828
0.2820 0.6823
0.2830 0.6817
0.2840 0.6812
0.2850 0.6807
0.2860 0.6802
0.2870 0.6796
0.2880 0.6791
0.2890 0.6786
0.2900 0.6781
0.2910 0.6776
0.2920 0.6771
0.2930 0.6766
0.2940 0.6761
0.2950 0.6756
0.2960 0.6751
0.2970 0.6746
0.2980 0.6741
0.2990 0.6737
0.3000 0.6732
0.3010 0.6727
0.3020 0.6722
0.3030 0.6717
0.3040 0.6713
0.3050 0.6708
0.3060 0.6703
0.3070 0.6698
0.3080 0.6694
0.3090 0.6689
0.3100 0.6684
0.3110 0.6680
0.3120 0.6675
0.3130 0.6671
0.3140 0.6666
0.3150 0.6662
0.3160 0.6657
0.3170 0.6653
0.3180 0.6648
0.3190 0.6644
0.3200 0.6640
0.3210 0.6635
0.3220 0.6631
0.3230 0.6626
0.3240 0.6622
0.3250 0.6618
0.3260 0.6614
0.3270 0.6609
0.3280 0.6605
0.3290 0.6601
0.3300 0.6597
0.3310 0.6592
0.3320 0.6588
0.3330 0.6584
0.3340 0.6580
0.3350 0.6576
0.3360 0.6572
0.3370 0.6568
0.3380 0.6564
0.3390 0.6560
0.3400 0.6556
0.3410 0.6552
0.3420 0.6548
0.3430 0.6544
0.3440 0.6540
0.3450 0.6536
0.3460 0.6532
0.3470 0.6528
0.3480 0.6524
0.3490 0.6520
0.3500 0.6516
0.3510 0.6512
0.3520 0.6508
0.3530 0.6505
0.3540 0.6501
0.3550 0.6497
0.3560 0.6493
0.3570 0.6490
0.3580 0.6486
0.3590 0.6482
0.3600 0.6478
0.3610 0.6475
0.3620 0.6471
0.3630 0.6467
0.3640 0.6463
0.3650 0.6460
0.3660 0.6456
0.3670 0.6452
0.3680 0.6449
0.3690 0.6445
0.3700 0.6441
0.3710 0.6438
0.3720 0.6434
0.3730 0.6431
0.3740 0.6427
0.3750 0.6423
0.3760 0.6419
0.3770 0.6416
0.3780 0.6412
0.3790 0.6408
0.3800 0.6405
0.3810 0.6401
0.3820 0.6397
0.3830 0.6393
0.3840 0.6389
0.3850 0.6385
0.3860 0.6381
0.3870 0.6377
0.3880 0.6373
0.3890 0.6368
0.3900 0.6359
0.3910 0.6342
0.3920 0.6304
0.3930 0.6223
0.3940 0.6059
0.3950 0.5751
0.3960 0.5227
0.3970 0.4409
0.3980 0.3248
0.3990 0.1750
0.4000 0.0000
